0	0.
3	-0.000012117973790816427
6	-4.30571869164119e-6
9	0.000016096194447609727
12	0.00004301066326460916
15	0.00006415853020311166
18	0.00007995639999976853
21	0.00010806843566150254
24	0.0001454880642031125
27	0.00018862859492768512
30	0.00022715223154319583
33	0.0002590368215371895
36	0.0002894962955851244
39	0.00032210038951903803
42	0.0003565848704490434
45	0.0003939781128236756
48	0.00043894960221973957
51	0.0004873118987948377
54	0.0005381185474905595
57	0.0005902989585311882
60	0.0006422212451776351
63	0.000693985909105998
66	0.0007449447338987931
69	0.0007944495031385367
72	0.0008407489624555369
75	0.0008809448550061397
78	0.000918475539163597
81	0.0009535834348380434
84	0.000986510961939614
87	0.0010175005403784438
90	0.0010469443524439572
93	0.0010763842258985886
96	0.0011045012429345671
99	0.0011313388277224491
102	0.0011569404044327893
105	0.0011813493972361428
108	0.0012046092303030658
111	0.0012267633278041127
114	0.0012480146390828127
117	0.0012685441638719524
120	0.0012880737584768482
123	0.0013066110204819925
126	0.0013241635474718772
129	0.001340738937030995
132	0.0013563447867438391
135	0.0013709886941949006
138	0.0013846782569686732
141	0.0013974210726496487
144	0.0014089322414765455
147	0.0014193172651136494
150	0.0014287966854711217
153	0.0014374021934284496
156	0.0014451654798651212
159	0.0014521182356606241
162	0.0014582921516944453
165	0.001463718918846073
168	0.0014684302279949944
171	0.0014724577700206969
174	0.0014758332358026684
177	0.0014785883162203965
180	0.001480891122927306
183	0.0014829173522827226
186	0.0014844147420157259
189	0.0014854019947208098
192	0.001485897812992469
195	0.001485920899425198
198	0.0014854899566134909
201	0.001484623687151842
204	0.001483340793634746
207	0.001481659978656697
210	0.0014795999448121897
213	0.0014771793946957183
216	0.001474417030901777
219	0.0014713315560248607
222	0.0014679416726594632
225	0.0014642660834000793
228	0.0014608648861396563
231	0.0014572933313626718
234	0.0014534855218088427
237	0.0014494479995568776
240	0.0014451873066854857
243	0.0014407099852733753
246	0.0014360225773992555
249	0.0014311316251418345
252	0.0014260436705798216
255	0.0014207652557919248
258	0.0014153029228568534
261	0.001409663213853316
264	0.001403852670860021
267	0.0013978778359556778
270	0.001391745251218994
273	0.0013854614587286793
276	0.001379033000563442
279	0.001372466418801991
282	0.0013657682555230346
285	0.0013589245823132415
288	0.0013519348912759894
291	0.001344833096973124
294	0.001337626337900043
297	0.0013303217525521454
300	0.0013229264794248287
303	0.0013154476570134918
306	0.0013078924238135324
309	0.0013002679183203485
312	0.0012925812790293392
315	0.0012848396444359019
318	0.001277050153035435
321	0.001269219943323337
324	0.0012613561537950057
327	0.0012534659229458396
330	0.0012455563892712366
333	0.0012376346912665952
336	0.0012297079674273134
339	0.0012217833562487897
342	0.001213867996226422
345	0.0012059690258556085
348	0.0011980935836317479
351	0.0011902488080502377
354	0.0011824418376064762
357	0.001174679810795862
360	0.0011680896485817983
363	0.0011616353988771785
366	0.0011552490927948277
369	0.001148928504770559
372	0.0011426714092401865
375	0.0011364755806395237
378	0.0011303387934043848
381	0.001124258821970583
384	0.0011182334407739327
387	0.0011122604242502472
390	0.0011063375468353407
393	0.001100462582965027
396	0.0010946333070751193
399	0.0010888474936014319
402	0.0010831029169797786
405	0.0010773973516459729
408	0.0010717285720358287
411	0.00106609435258516
414	0.0010604924677297804
417	0.0010549206919055036
420	0.0010493767995481433
423	0.0010438585650935138
426	0.0010383637629774282
429	0.001032890167635701
432	0.0010274355535041454
435	0.0010219976950185754
438	0.001016574366614805
441	0.0010111633427286476
444	0.0010057623977959174
447	0.0010003693062524278
450	0.0009948954858845635
453	0.0009887724745819098
456	0.0009826449616605402
459	0.0009765144016051335
462	0.0009703822489003674
465	0.0009642499580309204
468	0.0009581189834814701
471	0.0009519907797366949
474	0.0009458668012812732
477	0.0009397485025998827
480	0.0009336373381772018
483	0.0009275347624979086
486	0.0009214422300466814
489	0.000915361195308198
492	0.0009092931127671366
495	0.0009032394369081757
498	0.0008972016222159931
501	0.000891181123175267
504	0.0008851793942706755
507	0.000879197889986897
510	0.0008732380648086094
513	0.0008673013732204908
516	0.0008613892697072195
519	0.0008555032087534736
522	0.0008496446448439313
525	0.0008438150324632705
528	0.0008380158260961696
531	0.0008322484802273067
534	0.0008265144493413596
537	0.0008208151879230069
540	0.0008151521504569267
543	0.0008095267914277969
546	0.0008039405653202957
549	0.0007983949266191013
552	0.0007928913298088918
555	0.0007874312293743456
558	0.0007820160798001402
561	0.0007766473355709545
564	0.0007713264511714662
567	0.0007662925416092234
570	0.0007618447544631432
573	0.0007574541447216784
576	0.0007531197386830626
579	0.0007488405626455293
582	0.000744615642907312
585	0.0007404440057666443
588	0.00073632467752176
591	0.0007322566844708921
594	0.0007282390529122745
597	0.0007242708091441407
600	0.0007203509794647244
603	0.0007164785901722588
606	0.0007126526675649777
609	0.0007088722379411146
612	0.0007051363275989028
615	0.0007014439628365764
618	0.0006977941699523684
621	0.0006941859752445126
624	0.0006906184050112425
627	0.0006870904855507916
630	0.0006836012431613935
633	0.0006801497041412819
636	0.00067673489478869
639	0.0006733558414018517
642	0.0006700115702790002
645	0.0006667011077183694
648	0.0006634234800181925
651	0.0006601777134767034
654	0.0006569628343921353
657	0.0006537778690627221
660	0.0006506218437866969
663	0.0006474937848622936
666	0.0006443927185877457
669	0.0006413176712612865
672	0.0006382676691811499
675	0.0006352417386455693
678	0.0006322389059527783
681	0.0006292581974010102
684	0.0006262986392884987
687	0.0006233592579134776
690	0.00062043907957418
693	0.0006175371305688397
696	0.0006146524371956902
699	0.0006117840257529651
702	0.0006089309225388979
705	0.000606092153851722
708	0.0006032667459896712
711	0.0006004537252509789
714	0.0005974006136469562
717	0.0005940506306591537
720	0.0005907070508756022
723	0.0005873700085612013
726	0.0005840396379808502
729	0.0005807160733994482
732	0.0005773994490818951
735	0.0005740898992930898
738	0.000570787558297932
741	0.0005674925603613208
744	0.000564205039748156
747	0.0005609251307233365
750	0.0005576529675517621
753	0.000554388684498332
756	0.0005511324158279454
759	0.0005478842958055021
762	0.0005446444586959011
765	0.000541413038764042
768	0.0005381901702748242
771	0.000534975987493147
774	0.0005317706246839097
777	0.0005285742161120118
780	0.0005253868960423526
783	0.0005222087987398317
786	0.0005190400584693482
789	0.0005158808094958017
792	0.0005127311860840915
795	0.0005095913224991168
798	0.0005064613530057773
801	0.0005033414118689722
804	0.000500231633353601
807	0.000497132151724563
810	0.0004940431012467575
813	0.0004909646161850841
816	0.000487896830804442
819	0.00048483987936973055
822	0.00048179389614584937
825	0.0004787590153976977
828	0.0004757353713901748
831	0.0004727230983881803
834	0.00046972233065661347
837	0.0004667332024603736
840	0.00046375584806436016
843	0.0004607904017334726
846	0.00045783699773261017
849	0.0004548957703266724
852	0.0004519668537805585
855	0.000449050382359168
858	0.00044614649032740023
861	0.00044325531195015455
864	0.0004403769814923304
867	0.0004375116332188271
870	0.0004346594013945441
873	0.0004318204202843807
876	0.00042899482415323636
879	0.00042618274726601046
882	0.00042338432388760235
885	0.00042059968828291137
888	0.00041782897471683695
891	0.0004150723174542785
894	0.0004123298507601354
897	0.00040960170889930704
900	0.0004070446136763159
903	0.0004045120521233835
906	0.00040199491798684027
909	0.00039949313746696067
912	0.0003970066367640195
915	0.00039453534207829104
918	0.0003920791796100501
921	0.0003896380755595712
924	0.0003872119561271289
927	0.0003848007475129979
930	0.0003824043759174525
933	0.00038002276754076753
936	0.00037765584858321754
939	0.000375303545245077
942	0.0003729657837266206
945	0.0003706424902281229
948	0.00036833359094985853
951	0.000366039012092102
954	0.0003637586798551278
957	0.00036149252043921076
960	0.0003592404600446252
963	0.00035700242487164593
966	0.0003547783411205474
969	0.00035256813499160426
972	0.0003503717326850909
975	0.0003481890604012822
978	0.0003460200443404526
981	0.00034386461070287666
984	0.00034172268568882894
987	0.00033959419549858415
990	0.00033747906633241673
993	0.0003353772243906013
996	0.0003332885958734125
999	0.00033121310698112493
1002	0.0003291506839140131
1005	0.0003271012528723516
1008	0.000325064740056415
1011	0.0003230410716664779
1014	0.0003210301739028149
1017	0.00031903197296570063
1020	0.0003170463950554096
1023	0.00031507336637221633
1026	0.0003131128131163956
1029	0.0003111646614882218
1032	0.0003092288376879696
1035	0.00030730526791591364
1038	0.00030539387837232837
1041	0.00030349459525748845
1044	0.00030160734477166837
1047	0.0002997320531151429
1050	0.00029786864648818646
1053	0.0002960170510910737
1056	0.00029417719312407924
1059	0.00029234899878747753
1062	0.00029053239428154326
1065	0.000288727305806551
1068	0.00028693365956277534
1071	0.0002851513817504908
1074	0.00028338039856997207
1077	0.0002816206362214936
1080	0.00027987202090533006
1083	0.00027813447882175604
1086	0.00027640793617104606
1089	0.00027469231915347474
1092	0.0002729875539693167
1095	0.00027129356681884645
1098	0.00026961028390233864
1101	0.00026793763142006775
1104	0.00026627553557230846
1107	0.00026462392255933537
1110	0.00026298271858142297
1113	0.00026135184983884594
1116	0.0002597312425318788
1119	0.00025812082286079613
1122	0.0002565205170258725
1125	0.00025493025122738254
1128	0.0002533499516656008
1131	0.00025175157089418255
1134	0.00025013618501055964
1137	0.00024853031985027583
1140	0.00024693394495689687
1143	0.0002453470298739886
1146	0.00024376954414511703
1149	0.00024220145731384778
1152	0.00024064273892374685
1155	0.00023909335851838
1158	0.00023755328564131306
1161	0.00023602248983611198
1164	0.00023450094064634246
1167	0.00023298860761557046
1170	0.00023148546028736174
1173	0.00022999146820528216
1176	0.00022850660091289763
1179	0.00022703082795377395
1182	0.0002255641188714769
1185	0.0002241064432095724
1188	0.00022265777051162628
1191	0.00022121807032120437
1194	0.0002197873121818725
1197	0.00021836546563719654
1200	0.0002169525002307423
1203	0.0002155483855060756
1206	0.00021415309100676237
1209	0.0002127665862763684
1212	0.00021138884085845954
1215	0.00021001982429660163
1218	0.0002086595061343605
1221	0.00020730785591530204
1224	0.000205964843182992
1227	0.0002046304374809963
1230	0.00020330460835288078
1233	0.00020198732534221122
1236	0.00020067855799255354
1239	0.00019937827584747353
1242	0.00019808644845053705
1245	0.00019680304534530992
1248	0.00019552803607535802
1251	0.0001942613901842472
1254	0.00019300307721554325
1257	0.00019175306671281208
1260	0.00019051132821961946
1263	0.00018927783127953125
1266	0.00018805254543611334
1269	0.0001868354402329315
1272	0.00018562648521355167
1275	0.00018442564992153957
1278	0.00018323290390046112
1281	0.00018204821669388221
1284	0.00018087155784536854
1287	0.00017970289689848607
1290	0.0001785422033968006
1293	0.00017738944688387798
1296	0.00017624459690328403
1299	0.00017510762299858466
1302	0.00017397849471334563
1305	0.00017285718159113284
1308	0.0001717436531755121
1311	0.00017063787901004922
1314	0.00016953982863831014
1317	0.0001684494716038606
1320	0.00016736677745026653
1323	0.00016629171572109372
1326	0.000165224255959908
1329	0.00016416436771027524
1332	0.0001631120205157613
1335	0.00016206718391993197
1338	0.00016102982746635315
1341	0.0001599999206985906
1344	0.0001589774331602103
1347	0.00015796233439477794
1350	0.00015695459394585946
1353	0.00015595418135702066
1356	0.0001549610661718274
1359	0.00015397521793384555
1362	0.00015299660618664087
1365	0.00015202520047377928
1368	0.00015106097033882658
1371	0.0001501038853253486
1374	0.00014915391497691125
1377	0.00014821102883708033
1380	0.0001472751964494217
1383	0.00014634638735750113
1386	0.00014542457110488456
1389	0.00014450971723513779
1392	0.00014360179529182663
1395	0.000142700774818517
1398	0.00014180662535877468
1401	0.00014091931645616554
1404	0.00014003881765425538
1407	0.0001391650984966101
1410	0.00013829812852679549
1413	0.00013743787728837743
1416	0.00013658431432492175
1419	0.0001357374091799943
1422	0.00013489756279443546
1425	0.0001340781334209388
1428	0.00013326532315690757
1431	0.00013245909441359521
1434	0.00013165940960225522
1437	0.00013086623113414106
1440	0.00013007952142050618
1443	0.0001292992428726041
1446	0.00012852535790168823
1449	0.00012775782891901211
1452	0.00012699661833582917
1455	0.0001262416885633929
1458	0.0001254930020129568
1461	0.00012475052109577427
1464	0.00012401420822309885
1467	0.00012328402580618397
1470	0.00012255993625628312
1473	0.0001218419019846498
1476	0.00012112988540253743
1479	0.00012042384892119953
1482	0.00011972375495188954
1485	0.00011902956590586094
1488	0.00011834124419436721
1491	0.00011765875222866184
1494	0.00011698205241999826
1497	0.00011631110717962999
1500	0.00011564587891881048
1503	0.00011498633004879317
1506	0.00011433242298083161
1509	0.0001136841201261792
1512	0.00011304138389608946
1515	0.00011240417670181583
1518	0.0001117724609546118
1521	0.00011114619906573084
1524	0.00011052535344642644
1527	0.00010990988650795203
1530	0.00010929976066156114
1533	0.00010869493831850719
1536	0.00010809538189004368
1539	0.00010750105378742409
1542	0.00010691191642190186
1545	0.0001063279322047305
1548	0.00010574906354716346
1551	0.00010517527286045422
1554	0.00010460652255585626
1557	0.00010404277504462303
1560	0.00010348399273800804
1563	0.00010293013804726473
1566	0.00010238117338364659
1569	0.00010183706115840707
1572	0.00010129776378279969
1575	0.00010076324366807787
1578	0.00010023346322549511
1581	0.00009970838486630488
1584	0.00009918797100176066
1587	0.00009867218404311592
1590	0.0000981609864016241
1593	0.00009765434048853871
1596	0.00009715220871511323
1599	0.00009665455349260112
1602	0.00009616133723225584
1605	0.00009567252234533085
1608	0.00009518807124307967
1611	0.00009470794633675574
1614	0.00009423211003761255
1617	0.00009376052475690356
1620	0.00009329315290588225
1623	0.00009282995689580209
1626	0.00009237089913791654
1629	0.0000919159420434791
1632	0.00009146504802374323
1635	0.0000910181794899624
1638	0.00009057529885339008
1641	0.00009013636852527976
1644	0.00008970135091688488
1647	0.00008927020843945895
1650	0.00008884290350425541
1653	0.00008841939852252777
1656	0.00008799965590552947
1659	0.00008758363806451399
1662	0.00008717130741073482
1665	0.00008676262635544541
1668	0.00008635755730989925
1671	0.0000859560626853498
1674	0.00008555810489305055
1677	0.00008516364634425497
1680	0.00008477264945021651
1683	0.00008438507662218867
1686	0.0000840008902714249
1689	0.00008362005280917868
1692	0.0000832425266467035
1695	0.00008286827419525281
1698	0.0000824972578660801
1701	0.00008212944007043884
1704	0.00008176478321958249
1707	0.00008140324972476454
1710	0.00008104480199723844
1713	0.00008068940244825769
1716	0.00008033701348907577
1719	0.0000799875975309461
1722	0.0000796411169851222
1725	0.00007929753426285753
1728	0.00007895681177540556
1731	0.00007861891193401977
1734	0.00007828379714995361
1737	0.00007795142983446059
1740	0.00007762177239879416
1743	0.0000772947872542078
1746	0.00007697043681195499
1749	0.00007664868348328917
1752	0.00007632948967946384
1755	0.00007601281781173248
1758	0.00007569863029134855
1761	0.00007538688952956551
1764	0.00007507755793763687
1767	0.00007477059792681606
1770	0.00007446597190835658
1773	0.0000741636422935119
1776	0.00007386357149353549
1779	0.00007356572191968082
1782	0.00007327005598320136
1785	0.0000729765360953506
1788	0.000072685124667382
1791	0.00007236306164930742
1794	0.00007196906085070664
1797	0.00007157674308274121
1800	0.0000711861044322676
1803	0.00007079714098614235
1806	0.000070409848831222
1809	0.00007002422405436299
1812	0.00006964026274242184
1815	0.00006925796098225511
1818	0.00006887731486071926
1821	0.0000684983204646708
1824	0.00006812097388096626
1827	0.00006774527119646212
1830	0.0000673712084980149
1833	0.00006699878187248112
1836	0.00006662798740671727
1839	0.00006625882118757985
1842	0.00006589127930192539
1845	0.00006552535783661038
1848	0.00006516105287849133
1851	0.00006479836051442476
1854	0.00006443727683126716
1857	0.00006407779791587505
1860	0.00006371991985510492
1863	0.00006336363873581329
1866	0.00006300895064485666
1869	0.00006265585166909156
1872	0.00006230433789537446
1875	0.00006195440541056189
1878	0.00006160605030151036
1881	0.00006125926865507637
1884	0.00006091405655811642
1887	0.00006057041009748703
1890	0.00006022832536004469
1893	0.000059887798432645924
1896	0.00005954882540214724
1899	0.00005921140235540513
1902	0.00005887552537927611
1905	0.00005854119056061669
1908	0.00005820839398628338
1911	0.000057877131743132674
1914	0.00005754739991802108
1917	0.000057219194597805117
1920	0.00005689251186934128
1923	0.00005656734781948609
1926	0.000056243698535096035
1929	0.000055921560103027654
1932	0.00005560092861013741
1935	0.00005528180014328185
1938	0.00005496417078931745
1941	0.000054648036635100744
1944	0.000054333393767488224
1947	0.00005402023827333639
1950	0.00005370856623950176
1953	0.000053398373752840844
1956	0.00005308965690021015
1959	0.00005278241176846617
1962	0.00005247663444446543
1965	0.00005217232101506442
1968	0.000051869467567119646
1971	0.000051568070187487636
1974	0.000051268124963024884
1977	0.0000509696279805879
1980	0.000050672575327033185
1983	0.000050376963089217256
1986	0.00005008278735399661
1989	0.00004979004420822775
1992	0.0000494987297387672
1995	0.000049208840032471454
1998	0.00004892037117619703
2001	0.00004863331925680042
2004	0.000048347680361138145
2007	0.00004806345057606671
2010	0.000047780625988442614
2013	0.00004749920268512237
2016	0.00004721917675296248
2019	0.00004694054427881946
2022	0.00004666330134954981
2025	0.000046387444052010035
2028	0.00004611296847305665
2031	0.00004583987069954616
2034	0.000045568146818335065
2037	0.00004529779291627988
2040	0.00004502880508023711
2043	0.00004476117939706326
2046	0.00004449491195361484
2049	0.00004422999883674835
2052	0.000043966436133320314
2055	0.000043704219930187215
2058	0.000043443346314205575
2061	0.000043183811372231896
2064	0.000042925611191122696
2067	0.000042668741857734476
2070	0.00004241319945892373
2073	0.000042158980081546985
2076	0.000041906079812460726
2079	0.000041654494738521484
2082	0.00004140422094658575
2085	0.000041155254523510044
2088	0.000040907591556150866
2091	0.000040661228131364706
2094	0.0000404161603360081
2097	0.00004017238425693755
2100	0.000039929895981009536
2103	0.00003968869159508059
2106	0.00003944876718600722
2109	0.000039210118840645934
2112	0.00003897274264585322
2115	0.000038736634688485595
2118	0.000038501791055399566
2121	0.000038268207833451655
2124	0.00003803588110949835
2127	0.00003780480697039616
2130	0.0000375749815030016
2133	0.000037346400794171165
2136	0.00003711906093076138
2139	0.00003689295799962874
2142	0.000036668088087629756
2145	0.000036444447281620926
2148	0.00003622203166845877
2151	0.000036000837334999786
2154	0.000035780860368100494
2157	0.000035562096854617374
2160	0.00003534454288140696
2163	0.00003512819453532575
2166	0.000034913047903230254
2169	0.00003469909907197697
2172	0.000034486344128422415
2175	0.000034274779159423095
2178	0.000034064400251835504
2181	0.00003385520349251617
2184	0.00003364718496832158
2187	0.00003344034076610826
2190	0.0000332346669727327
2193	0.000033030159675051414
2196	0.00003282681495992091
2199	0.000032624628914197696
2202	0.00003242359762473828
2205	0.00003222371717839916
2208	0.00003202498366203686
2211	0.000031827393162507866
2214	0.0000316309417666687
2217	0.000031435625561375866
2220	0.00003124144063348586
2223	0.00003104838306985521
2226	0.00003085644895734041
2229	0.00003066563438279797
2232	0.0000304759354330844
2235	0.000030287348195056192
2238	0.000030099868755569874
2241	0.000029913493201481937
2244	0.000029728217619648898
2247	0.000029544038096927255
2250	0.000029360950720173523
2253	0.00002917895157624421
2256	0.000028997045435728988
2259	0.000028815982397330234
2262	0.000028635993034173343
2265	0.000028457073677618726
2268	0.0000282792206590268
2271	0.00002810243030975799
2274	0.000027926698961172703
2277	0.000027752022944631368
2280	0.0000275783985914944
2283	0.000027405822233122215
2286	0.000027234290200875236
2289	0.00002706379882611387
2292	0.000026894344440198552
2295	0.000026725923374489682
2298	0.000026558531960347695
2301	0.000026392166529132996
2304	0.000026226823412206016
2307	0.00002606249894092716
2310	0.000025899189446656852
2313	0.00002573689126075551
2316	0.000025575600714583557
2319	0.000025415314139501406
2322	0.00002525602786686947
2325	0.000025097738228048177
2328	0.000024940441554397936
2331	0.000024784134177279176
2334	0.000024628812428052308
2337	0.00002447447263807775
2340	0.000024321111138715923
2343	0.000024168724261327245
2346	0.000024017308337272134
2349	0.000023866859697911006
2352	0.00002371737467460428
2355	0.000023568849598712375
2358	0.00002342128080159571
2361	0.000023274664614614704
2364	0.000023128997369129766
2367	0.000022984275396501328
2370	0.0000228404950280898
2373	0.000022697652595255602
2376	0.00002255574442935915
2379	0.000022414766861760866
2382	0.00002227471622382117
2385	0.00002213558884690047
2388	0.000021997381062359194
2391	0.000021860089201557752
2394	0.000021723709595856573
2397	0.000021588238576616064
2400	0.000021453672475196655
2403	0.000021320007622958755
2406	0.00002118724035126278
2409	0.000021055366991469157
2412	0.0000209243838749383
2415	0.000020794287333030627
2418	0.000020665073697106563
2421	0.000020536739298526513
2424	0.0000204092804686509
2427	0.000020282693538840147
2430	0.00002015697484045467
2433	0.000020032120704854885
2436	0.00001990812746340121
2439	0.00001978499144745407
2442	0.00001966270898837387
2445	0.000019541276417521042
2448	0.000019420690066255996
2451	0.000019300946265939156
2454	0.000019182041347930932
2457	0.000019063971643591747
2460	0.000018946733484282027
2463	0.00001883032320136217
2466	0.000018714737126192615
2469	0.00001859997159013377
2472	0.000018486022924546053
2475	0.000018372887460789887
2478	0.000018260561530225684
2481	0.000018149041464213863
2484	0.000018038323594114848
2487	0.000017928404251289055
2490	0.000017819279767096896
2493	0.0000177109464728988
2496	0.000017603400700055175
2499	0.000017496638779926445
2502	0.000017390657043873025
2505	0.000017285451823255335
2508	0.00001718101944943379
2511	0.000017077356253768818
2514	0.000016974458567620827
2517	0.000016872322722350237
2520	0.00001677094504931747
2523	0.00001667032187988294
2526	0.000016570449545407066
2529	0.000016471324377250272
2532	0.000016372942706772967
2535	0.000016275300865335574
2538	0.00001617839518429851
2541	0.000016082221995022198
2544	0.00001598677762886705
2547	0.000015892058417193483
2550	0.000015798060691361923
2553	0.000015704780782732783
2556	0.000015612215022666477
2559	0.000015520359742523433
2562	0.00001542921127366406
2565	0.000015338765947448785
2568	0.000015249020095238019
2571	0.000015159970048392182
2574	0.000015071612138271694
2577	0.000014983942696236972
2580	0.000014896958053648434
2583	0.000014810654541866498
2586	0.000014725028492251583
2589	0.000014640076236164107
2592	0.000014555794104964486
2595	0.000014472178430013143
2598	0.000014389225542670492
2601	0.000014306931774296952
2604	0.000014225293456252942
2607	0.00001414430691989888
2610	0.000014063968496595185
2613	0.000013984274517702272
2616	0.000013905221314580563
2619	0.000013826805218590474
2622	0.000013749022561092424
2625	0.00001367186967344683
2628	0.000013595342887014112
2631	0.000013519438533154687
2634	0.000013444152943228973
2637	0.000013369482448597389
2640	0.000013295423380620353
2643	0.000013221972070658282
2646	0.000013149124850071596
2649	0.000013076878050220714
2652	0.00001300522800246605
2655	0.000012934171038168026
2658	0.000012863703488687058
2661	0.000012793821685383565
2664	0.000012724521959617967
2667	0.000012655800642750681
2670	0.000012587654066142122
2673	0.000012520078561152711
2676	0.000012453070459142866
2679	0.000012386626091473004
2682	0.000012320741789503548
2685	0.00001225541388459491
2688	0.000012190638708107511
2691	0.000012126412591401769
2694	0.000012062731865838102
2697	0.000011999592862776927
2700	0.000011936991913578666
2703	0.000011874925349603732
2706	0.000011813389502212547
2709	0.00001175238070276553
2712	0.000011691895282623096
2715	0.000011631929573145663
2718	0.00001157247990569365
2721	0.000011513542611627477
2724	0.00001145511402230756
2727	0.000011397190469094318
2730	0.000011339768283348171
2733	0.000011282843796429533
2736	0.000011226413339698825
2739	0.000011170473244516466
2742	0.000011115019842242872
2745	0.000011060049464238462
2748	0.000011005558441863655
2751	0.000010951543106478868
2754	0.000010897999789444519
2757	0.000010844924822121028
2760	0.000010792314535868811
2763	0.000010740165262048289
2766	0.000010688473332019877
2769	0.000010637235077143993
2772	0.00001058644682878106
2775	0.00001053610491829149
2778	0.000010486205677035705
2781	0.000010436745436374123
2784	0.00001038772052766716
2787	0.000010339127282275239
2790	0.00001029096203155877
2793	0.000010243221106878178
2796	0.00001019590083959388
2799	0.000010148997561066294
2802	0.000010102507602655837
2805	0.000010056427295722925
2808	0.000010010752971627983
2811	9.965480961731422e-6
2814	9.920607597393664e-6
2817	9.876129209975127e-6
2820	9.832042130836228e-6
2823	9.788342691337386e-6
2826	9.74502722283902e-6
2829	9.702092056701546e-6
2832	9.659533524285383e-6
2835	9.61734795695095e-6
2838	9.56854403596432e-6
2841	9.504227418613991e-6
2844	9.440228238343302e-6
2847	9.376545702389184e-6
2850	9.313179017988562e-6
2853	9.250127392378369e-6
2856	9.187390032795534e-6
2859	9.124966146476981e-6
2862	9.062854940659641e-6
2865	9.001055622580446e-6
2868	8.939567399476318e-6
2871	8.878389478584192e-6
2874	8.817521067140994e-6
2877	8.75696137238365e-6
2880	8.696709601549095e-6
2883	8.636764961874252e-6
2886	8.577126660596053e-6
2889	8.517793904951425e-6
2892	8.458765902177298e-6
2895	8.400041859510598e-6
2898	8.341620984188257e-6
2901	8.283502483447202e-6
2904	8.225685564524361e-6
2907	8.168169434656664e-6
2910	8.110953301081041e-6
2913	8.054036371034419e-6
2916	7.997417851753723e-6
2919	7.941096950475889e-6
2922	7.88507287443784e-6
2925	7.829344830876507e-6
2928	7.77391202702882e-6
2931	7.718773670131704e-6
2934	7.66392896742209e-6
2937	7.609377126136908e-6
2940	7.555117353513085e-6
2943	7.5011488567875495e-6
2946	7.4474708431972296e-6
2949	7.394082519979056e-6
2952	7.340983094369956e-6
2955	7.2881717736068575e-6
2958	7.235647764926691e-6
2961	7.183410275566386e-6
2964	7.131458512762867e-6
2967	7.079791683753067e-6
2970	7.028408995773913e-6
2973	6.977309656062333e-6
2976	6.9264928718552565e-6
2979	6.875957850389612e-6
2982	6.825703798902328e-6
2985	6.775729924630334e-6
2988	6.726035434810558e-6
2991	6.676619536679929e-6
2994	6.627481437475375e-6
2997	6.578620344433825e-6
3000	6.530035464792209e-6
3003	6.481726005787454e-6
3006	6.433691174656488e-6
3009	6.385930178636242e-6
3012	6.338442224963643e-6
3015	6.291226520875621e-6
3018	6.244282273609104e-6
3021	6.197608690401021e-6
3024	6.151204978488299e-6
3027	6.1050703451078685e-6
3030	6.059203997496657e-6
3033	6.013605142891595e-6
3036	5.968272988529611e-6
3039	5.9232067416476305e-6
3042	5.878405609482585e-6
3045	5.833868799271404e-6
3048	5.789595518251013e-6
3051	5.745584973658344e-6
3054	5.701836372730323e-6
3057	5.658348922703881e-6
3060	5.615121830815944e-6
3063	5.5721543043034445e-6
3066	5.5294455504033065e-6
3069	5.486994776352462e-6
3072	5.44480118938784e-6
3075	5.402863996746366e-6
3078	5.361182405664972e-6
3081	5.319755623380585e-6
3084	5.2785828571301345e-6
3087	5.237663314150548e-6
3090	5.196996201678754e-6
3093	5.1565807269516835e-6
3096	5.116416097206262e-6
3099	5.076501519679422e-6
3102	5.03683620160809e-6
3105	4.997419350229194e-6
3108	4.958250172779664e-6
3111	4.919327876496427e-6
3114	4.880651668616413e-6
3117	4.842220756376552e-6
3120	4.804034347013771e-6
3123	4.7660916477649985e-6
3126	4.7283918658671635e-6
3129	4.690934208557195e-6
3132	4.653717883072022e-6
3135	4.616742096648572e-6
3138	4.580006056523773e-6
3141	4.543508969934557e-6
3144	4.507250044117851e-6
3147	4.471228486310582e-6
3150	4.435443503749681e-6
3153	4.399894303672075e-6
3156	4.364580093314693e-6
3159	4.329500079914466e-6
3162	4.294653470708319e-6
3165	4.260039472933183e-6
3168	4.225657293825987e-6
3171	4.191506140623658e-6
3174	4.157585220563126e-6
3177	4.123893740881319e-6
3180	4.0904309088151664e-6
3183	4.057195931601596e-6
3186	4.024188016477538e-6
3189	3.991406370679919e-6
3192	3.9588502014456685e-6
3195	3.926518716011715e-6
3198	3.894411121614989e-6
3201	3.862526625492416e-6
3204	3.830864434880927e-6
3207	3.7994237570174507e-6
3210	3.7682037991389148e-6
3213	3.7372037684822486e-6
3216	3.7064228722843805e-6
3219	3.675860317782239e-6
3222	3.6455153122127532e-6
3225	3.6153870628128514e-6
3228	3.5854747768194627e-6
3231	3.5557776614695155e-6
3234	3.526294923999939e-6
3237	3.4970257716476606e-6
3240	3.4679694116496105e-6
3243	3.4391250512427158e-6
3246	3.410491897663907e-6
3249	3.3820691581501115e-6
3252	3.3538560399382585e-6
3255	3.3258517502652766e-6
3258	3.298055496368094e-6
3261	3.2704664854836407e-6
3264	3.243083924848844e-6
3267	3.2159070217006326e-6
3270	3.1889349832759363e-6
3273	3.162167016811684e-6
3276	3.1356023295448022e-6
3279	3.109240128712221e-6
3282	3.0830796215508694e-6
3285	3.0571200152976755e-6
3288	3.0313605171895682e-6
3291	3.0058003344634768e-6
3294	2.9804386743563287e-6
3297	2.9552747441050534e-6
3300	2.9303077509465793e-6
3303	2.905536902117836e-6
3306	2.8809614048557504e-6
3309	2.856580466397253e-6
3312	2.8323932939792708e-6
3315	2.8083990948387337e-6
3318	2.78459707621257e-6
3321	2.7609864453377084e-6
3324	2.7375664094510775e-6
3327	2.7143361757896067e-6
3330	2.6912949515902235e-6
3333	2.6684419440898573e-6
3336	2.645776360525437e-6
3339	2.6232974081338904e-6
3342	2.6010042941521473e-6
3345	2.5788962258171354e-6
3348	2.556972410365784e-6
3351	2.535232055035021e-6
3354	2.5136743670617763e-6
3357	2.4922985536829775e-6
3360	2.471103822135554e-6
3363	2.450089379656434e-6
3366	2.429254433482546e-6
3369	2.40859819085082e-6
3372	2.3881198589981833e-6
3375	2.367818645161565e-6
3378	2.347693756577894e-6
3381	2.3277444004840987e-6
3384	2.307969784117108e-6
3387	2.28836911471385e-6
3390	2.2689415995112545e-6
3393	2.2496864457462497e-6
3396	2.2306028606557632e-6
3399	2.2116900514767258e-6
3402	2.1929472254460644e-6
3405	2.1743735898007084e-6
3408	2.1559683517775863e-6
3411	2.137730718613627e-6
3414	2.119659897545759e-6
3417	2.1017550958109106e-6
3420	2.084015520646011e-6
3423	2.0664403792879894e-6
3426	2.0490288789737738e-6
3429	2.0317802269402924e-6
3432	2.014693630424475e-6
3435	1.9977682966632496e-6
3438	1.981003432893545e-6
3441	1.96439824635229e-6
3444	1.947951944276413e-6
3447	1.9316637339028432e-6
3450	1.9155328224685087e-6
3453	1.8995584172103382e-6
3456	1.8837397253652612e-6
3459	1.8680759541702055e-6
3462	1.8525663108621e-6
3465	1.8372100026778737e-6
3468	1.8220062368544551e-6
3471	1.8069542206287729e-6
3474	1.7920531612377554e-6
3477	1.777302265918332e-6
3480	1.762700741907431e-6
3483	1.748247796441981e-6
3486	1.7339426367589105e-6
3489	1.719784470095149e-6
3492	1.7057725036876242e-6
3495	1.6919059447732655e-6
3498	1.6781840005890014e-6
3501	1.6646058783717605e-6
3504	1.651170785358471e-6
3507	1.6378779287860627e-6
3510	1.6247265158914632e-6
3513	1.6117157539116019e-6
3516	1.5988448500834072e-6
3519	1.586113011643808e-6
3522	1.5735194458297325e-6
3525	1.5610633598781099e-6
3528	1.5487439610258686e-6
3531	1.5365604565099373e-6
3534	1.5245120535672446e-6
3537	1.5125979594347196e-6
3540	1.5008173813492907e-6
3543	1.4891695265478864e-6
3546	1.4776536022674357e-6
3549	1.4662688157448673e-6
3552	1.4550143742171097e-6
3555	1.4438894849210916e-6
3558	1.4328933550937416e-6
3561	1.4220251919719886e-6
3564	1.411284202792761e-6
3567	1.400669594792988e-6
3570	1.3901805752095977e-6
3573	1.3771556412182468e-6
3576	1.3608840954470726e-6
3579	1.344726333621343e-6
3582	1.3286820416560559e-6
3585	1.312750905466209e-6
3588	1.2969326109668002e-6
3591	1.2812268440728273e-6
3594	1.2656332906992882e-6
3597	1.2501516367611807e-6
3600	1.2347815681735027e-6
3603	1.219522770851252e-6
3606	1.2043749307094267e-6
3609	1.1893377336630241e-6
3612	1.1744108656270427e-6
3615	1.1595940125164798e-6
3618	1.1448868602463337e-6
3621	1.1302890947316019e-6
3624	1.1158004018872825e-6
3627	1.1014204676283733e-6
3630	1.0871489778698717e-6
3633	1.0729856185267764e-6
3636	1.0589300755140847e-6
3639	1.0449820347467946e-6
3642	1.0311411821399036e-6
3645	1.0174072036084104e-6
3648	1.003779785067312e-6
3651	9.902586124316066e-7
3654	9.76843371616292e-7
3657	9.635337485363662e-7
3660	9.503294291068267e-7
3663	9.372300992426718e-7
3666	9.242354448588992e-7
3669	9.113451518705064e-7
3672	8.985589061924917e-7
3675	8.858763937398528e-7
3678	8.732973004275873e-7
3681	8.608213121706938e-7
3684	8.484481148841694e-7
3687	8.361773944830122e-7
3690	8.240088368822199e-7
3693	8.119421279967905e-7
3696	7.99976953741722e-7
3699	7.881130000320121e-7
3702	7.763499527826586e-7
3705	7.646874979086595e-7
3708	7.531253213250126e-7
3711	7.416631089467156e-7
3714	7.303005466887664e-7
3717	7.190373204661632e-7
3720	7.078731161939032e-7
3723	6.968076197869849e-7
3726	6.858405171604058e-7
3729	6.749714942291638e-7
3732	6.64200236908257e-7
3735	6.535264311126828e-7
3738	6.429497627574394e-7
3741	6.324699177575244e-7
3744	6.22086582027936e-7
3747	6.117994414836715e-7
3750	6.016081820397294e-7
3753	5.915124896111073e-7
3756	5.815120501128028e-7
3759	5.71606549459814e-7
3762	5.617956735671388e-7
3765	5.520791083497747e-7
3768	5.424565397227201e-7
3771	5.329276536009725e-7
3774	5.234921358995298e-7
3777	5.141496725333898e-7
3780	5.048999494175506e-7
3783	4.957426524670097e-7
3786	4.866774675967651e-7
3789	4.777040807218148e-7
3792	4.6882217775715645e-7
3795	4.6003144461778805e-7
3798	4.5133156721870727e-7
3801	4.4272223147491224e-7
3804	4.3420312330140064e-7
3807	4.2577392861317016e-7
3810	4.174343333252189e-7
3813	4.0918402335254464e-7
3816	4.010226846101452e-7
3819	3.929500030130186e-7
3822	3.8496566447616236e-7
3825	3.7706935491457463e-7
3828	3.692607602432532e-7
3831	3.6153956637719574e-7
3834	3.5390545923140036e-7
3837	3.4635812472086465e-7
3840	3.3889724876058664e-7
3843	3.315225172655644e-7
3846	3.242336161507952e-7
3849	3.1703023133127746e-7
3852	3.099120487220087e-7
3855	3.02878754237987e-7
3858	2.9593003379420985e-7
3861	2.8906557330567536e-7
3864	2.822850586873814e-7
3867	2.755881758543259e-7
3870	2.689746107215064e-7
3873	2.6244404920392115e-7
3876	2.5599617721656766e-7
3879	2.4963068067444387e-7
3882	2.4334724549254784e-7
3885	2.371455575858771e-7
3888	2.3102530286942982e-7
3891	2.2498616725820357e-7
3894	2.190278366671963e-7
3897	2.1314999701140603e-7
3900	2.0735233420583037e-7
3903	2.0163453416546722e-7
3906	1.9599628280531453e-7
3909	1.9043726604037024e-7
3912	1.8495716978563194e-7
3915	1.7955567995609757e-7
3918	1.7423248246676507e-7
3921	1.6898726323263236e-7
3924	1.6381970816869706e-7
3927	1.5872950318995719e-7
3930	1.5371633421141047e-7
3933	1.48779887148055e-7
3936	1.4391984791488834e-7
3939	1.391359024269085e-7
3942	1.3442773659911325e-7
3945	1.2979503634650067e-7
3948	1.2523748758406828e-7
3951	1.207547762268141e-7
3954	1.1634658818973598e-7
3957	1.120126093878319e-7
3960	1.0775252573609945e-7
3963	1.0356602314953659e-7
3966	9.945278754314121e-8
3969	9.541250483191113e-8
3972	9.144486093084424e-8
3975	8.754954175493835e-8
3978	8.372623321919147e-8
3981	7.997462123860118e-8
3984	7.629439172816545e-8
3987	7.268523060288218e-8
3990	6.91468237777493e-8
3993	6.567885716776444e-8
3996	6.228101668792556e-8
3999	5.89529882532305e-8
4002	5.569445777867714e-8
4005	5.250511117926332e-8
4008	4.9384634369986894e-8
4011	4.633271326584573e-8
4014	4.3349033781837775e-8
4017	4.043328183296066e-8
4020	3.758514333421233e-8
4023	3.480430420059066e-8
4026	3.2090450347093504e-8
4029	2.94432676887187e-8
4032	2.686244214046414e-8
4035	2.434765961732763e-8
4038	2.1898606034307117e-8
4041	1.951496730640029e-8
4044	1.7196429348604984e-8
4047	1.4942678075919236e-8
4050	1.2753399403340946e-8
4053	1.0628279245867705e-8
4056	8.567003518497526e-9
4059	6.5692581362280925e-9
4062	4.6347290140576296e-9
4065	2.7631020669836086e-9
4068	9.540632100040746e-10
4071	-7.927016418831993e-10
4074	-2.4775065736803196e-9
4077	-4.100665670389423e-9
4080	-5.662493017012705e-9
4083	-7.163302698552273e-9
4086	-8.603408800010264e-9
4089	-9.983125406388873e-9
4092	-1.1302766602690238e-8
4095	-1.2562646473916464e-8
4098	-1.3763079105069748e-8
4101	-1.4904378581152227e-8
4104	-1.598685898716601e-8
4107	-1.7010834408113285e-8
4110	-1.79766189289962e-8
4113	-1.888452663481688e-8
4116	-1.9734871610577562e-8
4119	-2.0527967941280132e-8
4122	-2.1264129711927036e-8
4125	-2.1943671007520378e-8
4128	-2.256690591306217e-8
4131	-2.3134148513554522e-8
4134	-2.364571289399975e-8
4137	-2.410191313940005e-8
4140	-2.4503063334757348e-8
4143	-2.4849477565073844e-8
4146	-2.514146991535188e-8
4149	-2.5379354470593386e-8
4152	-2.5563445315800675e-8
4155	-2.5694056535975645e-8
4158	-2.5771502216120702e-8
4161	-2.5796096441237957e-8
4164	-2.576815329632936e-8
4167	-2.568798686639726e-8
4170	-2.5555911236443823e-8
4173	-2.537224049147104e-8
4176	-2.513728871648113e-8
4179	-2.4851369996476264e-8
4182	-2.4514798416458545e-8
4185	-2.4127888061430237e-8
4188	-2.369095301639326e-8
4191	-2.3204307366350017e-8
4194	-2.2668265196302506e-8
4197	-2.2083140591252944e-8
4200	-2.144924763620332e-8
4203	-2.076690041615595e-8
4206	-2.0036413016113036e-8
4209	-1.9258099521076525e-8
4212	-1.843227401604862e-8
4215	-1.7559250586031635e-8
4218	-1.663934331602762e-8
4221	-1.5672866291038675e-8
4224	-1.4660133596066822e-8
4227	-1.3601459316114525e-8
4230	-1.2497157536183623e-8
4233	-1.1347542341276519e-8
4236	-1.0152927816395142e-8
4239	-8.913628046541867e-9
4242	-7.62995711671871e-9
4245	-6.30222911192784e-9
4248	-4.930758117171242e-9
4251	-3.515858217451382e-9
4254	-2.057843497770097e-9
4257	-5.570280431296735e-10
4260	9.862740614676019e-10
4263	2.571748731019743e-9
4266	4.199081880524553e-9
4269	5.867959424980016e-9
4272	7.578067279383786e-9
4275	9.329091358733784e-9
4278	1.1120717578027906e-8
4281	1.2952631852264044e-8
4284	1.4824520096440005e-8
4287	1.6736068225553525e-8
4290	1.8686962154602566e-8
4293	2.067688779858505e-8
4296	2.2705531072498653e-8
4299	2.4772577891341307e-8
4302	2.68777141701109e-8
4305	2.902062582380536e-8
4308	3.120099876742234e-8
4311	3.341851891595979e-8
4314	3.5672872184415573e-8
4317	3.796374448778762e-8
4320	4.0290821741073605e-8
4323	4.265378985927158e-8
4326	4.5052334757379194e-8
4329	4.74861423503944e-8
4332	4.995489855331512e-8
4335	5.2458289281139045e-8
4338	5.499600044886415e-8
4341	5.75677179714883e-8
4344	6.017312776400922e-8
4347	6.281191574142484e-8
4350	6.548376781873305e-8
4353	6.81883699109317e-8
4356	7.092540793301856e-8
4359	7.369456779999153e-8
4362	7.649553542684854e-8
4365	7.932799672858728e-8
4368	8.219163762020571e-8
4371	8.508614401670163e-8
4374	8.801120183307299e-8
4377	9.096649698431754e-8
4380	9.395171538543315e-8
4383	9.696654295141769e-8
4386	1.0001066559726907e-7
4389	1.0308376923798502e-7
4392	1.0618553978856347e-7
4395	1.0931566316400226e-7
4398	1.1247382527929927e-7
4401	1.1565971204945229e-7
4404	1.188730093894592e-7
4407	1.2211340321431787e-7
4410	1.253805794390262e-7
4413	1.286742239785819e-7
4416	1.319940227479829e-7
4419	1.353396616622271e-7
4422	1.387108266363123e-7
4425	1.4210720358523636e-7
4428	1.4552847842399713e-7
4431	1.4897433706759246e-7
4434	1.524444654310202e-7
4437	1.5593854942927824e-7
4440	1.5945627497736435e-7
4443	1.629973279902765e-7
4446	1.6656139438301247e-7
4449	1.701481600705701e-7
4452	1.7375731096794724e-7
4455	1.773885329901418e-7
4458	1.8104151205215154e-7
4461	1.8471593406897445e-7
4464	1.8841148495560824e-7
4467	1.9212785062705086e-7
4470	1.958647169983001e-7
4473	1.9962176998435384e-7
4476	2.0339869550020995e-7
4479	2.0719517946086624e-7
4482	2.110109077813206e-7
4485	2.1484556637657087e-7
4488	2.1869884116161486e-7
4491	2.2257041805145052e-7
4494	2.2645998296107563e-7
4497	2.293333909554027e-7
4500	2.273794204569446e-7
4503	2.2543500484005988e-7
4506	2.235001245884924e-7
4509	2.2157476018598588e-7
4512	2.1965889211628423e-7
4515	2.1775250086313114e-7
4518	2.158555669102705e-7
4521	2.139680707414461e-7
4524	2.1208999284040175e-7
4527	2.1022131369088122e-7
4530	2.0836201377662838e-7
4533	2.0651207358138697e-7
4536	2.0467147358890084e-7
4539	2.0284019428291377e-7
4542	2.0101821614716962e-7
4545	1.9920551966541216e-7
4548	1.9740208532138516e-7
4551	1.9560789359883246e-7
4554	1.938229249814979e-7
4557	1.9204715995312522e-7
4560	1.902805789974583e-7
4563	1.8852316259824093e-7
4566	1.8677489123921688e-7
4569	1.8503574540412995e-7
4572	1.83305705576724e-7
4575	1.815847522407428e-7
4578	1.7987286587993017e-7
4581	1.781700269780299e-7
4584	1.7647621601878585e-7
4587	1.7479141348594175e-7
4590	1.7311559986324148e-7
4593	1.7144875563442876e-7
4596	1.6979086128324751e-7
4599	1.6814189729344146e-7
4602	1.6650184414875442e-7
4605	1.648706823329302e-7
4608	1.632483923297126e-7
4611	1.616349546228455e-7
4614	1.6003034969607265e-7
4617	1.584345580331378e-7
4620	1.5684756011778488e-7
4623	1.5526933643375757e-7
4626	1.5369986746479977e-7
4629	1.5213913369465526e-7
4632	1.5058711560706784e-7
4635	1.4904379368578134e-7
4638	1.4750914841453952e-7
4641	1.4598316027708622e-7
4644	1.4446580975716525e-7
4647	1.429570773385204e-7
4650	1.414569435048955e-7
4653	1.3996538874003432e-7
4656	1.384823935276807e-7
4659	1.3700793835157843e-7
4662	1.3554200369547135e-7
4665	1.3408457004310323e-7
4668	1.3263561787821788e-7
4671	1.3119512768455913e-7
4674	1.2976307994587072e-7
4677	1.2833945514589656e-7
4680	1.2692423376838038e-7
4683	1.2551739629706603e-7
4686	1.241189232156973e-7
4689	1.2272879500801797e-7
4692	1.213469921577719e-7
4695	1.1997349514870286e-7
4698	1.1860828446455467e-7
4701	1.1725134058907115e-7
4704	1.1590264400599607e-7
4707	1.1456217519907327e-7
4710	1.1322991465204655e-7
4713	1.119058428486597e-7
4716	1.1058994027265656e-7
4719	1.0928218740778089e-7
4722	1.0798256473777655e-7
4725	1.0669105274638732e-7
4728	1.0540763191735698e-7
4731	1.041322827344294e-7
4734	1.0286498568134833e-7
4737	1.0160572124185759e-7
4740	1.0035446989970101e-7
4743	9.91112121386224e-8
4746	9.787592844236554e-8
4749	9.664859929467422e-8
4752	9.542920517929231e-8
4755	9.421772657996357e-8
4758	9.301414398043179e-8
4761	9.181843786444083e-8
4764	9.063058871573448e-8
4767	8.945057701805652e-8
4770	8.82783832551508e-8
4773	8.711398791076107e-8
4776	8.59573714686312e-8
4779	8.480851441250497e-8
4782	8.366739722612618e-8
4785	8.253400039323862e-8
4788	8.140830439758614e-8
4791	8.029028972291251e-8
4794	7.917993685296156e-8
4797	7.80772262714771e-8
4800	7.698213846220291e-8
4803	7.589465390888282e-8
4806	7.481475309526061e-8
4809	7.374241650508015e-8
4812	7.267762462208517e-8
4815	7.162035793001952e-8
4818	7.0570596912627e-8
4821	6.952832205365143e-8
4824	6.849351383683659e-8
4827	6.746615274592629e-8
4830	6.644621926466436e-8
4833	6.543369387679459e-8
4836	6.442855706606078e-8
4839	6.343078931620678e-8
4842	6.244037111097633e-8
4845	6.145728293411329e-8
4848	6.048150526936144e-8
4851	5.951301860046461e-8
4854	5.8551803411166575e-8
4857	5.7597840185211165e-8
4860	5.66511094063422e-8
4863	5.5711591558303425e-8
4866	5.4779267124838726e-8
4869	5.385411658969186e-8
4872	5.293612043660667e-8
4875	5.2025259149326917e-8
4878	5.1121513211596433e-8
4881	5.022486310715903e-8
4884	4.933528931975853e-8
4887	4.84527723331387e-8
4890	4.7577292631043374e-8
4893	4.670883069721635e-8
4896	4.5847367015401456e-8
4899	4.499288206934244e-8
4902	4.414535634278318e-8
4905	4.3304770319467445e-8
4908	4.247110448313905e-8
4911	4.1644339317541804e-8
4914	4.082445530641952e-8
4917	4.0011432933515956e-8
4920	3.9205252682575016e-8
4923	3.8405895037340385e-8
4926	3.7613340481555975e-8
4929	3.682756949896554e-8
4932	3.6048562573312914e-8
4935	3.527630018834187e-8
4938	3.451076282779625e-8
4941	3.3751930975419856e-8
4944	3.299978511495648e-8
4947	3.2254305730149925e-8
4950	3.151547330474401e-8
4953	3.078326832248253e-8
4956	3.005767126710932e-8
4959	2.9338662622368162e-8
4962	2.8626222872002865e-8
4965	2.7920332499757255e-8
4968	2.7220971989375107e-8
4971	2.6528121824600252e-8
4974	2.584176248917649e-8
4977	2.5161874466847625e-8
4980	2.4488438241357484e-8
4983	2.3821434296449813e-8
4986	2.3160843115868497e-8
4989	2.2506645183357305e-8
4992	2.1858820982660067e-8
4995	2.121735099752055e-8
4998	2.0582215711682572e-8
5001	1.995339560888997e-8
5004	1.9330871172886526e-8
5007	1.8714622887416065e-8
5010	1.8104631236222362e-8
5013	1.7500876703049257e-8
5016	1.690333977164054e-8
5019	1.6312000925740037e-8
5022	1.5726840649091516e-8
5025	1.5147839425438824e-8
5028	1.4574977738525744e-8
5031	1.400823607209609e-8
5034	1.3447594909893666e-8
5037	1.2893034735662297e-8
5040	1.234453603314577e-8
5043	1.1802079286087878e-8
5046	1.1265644978232462e-8
5049	1.0735213593323327e-8
5052	1.0210765615104246e-8
5055	9.692281527319063e-9
5058	9.179741813711548e-9
5061	8.673126958025564e-9
5064	8.17241744400486e-9
5067	7.677593755393282e-9
5070	7.188636375934616e-9
5073	6.705525789372674e-9
5076	6.228242479451275e-9
5079	5.756766929914196e-9
5082	5.291079624505277e-9
5085	4.831161046968306e-9
5088	4.376991681047108e-9
5091	3.9285520104854575e-9
5094	3.485822519027194e-9
5097	3.048783690416108e-9
5100	2.6174160083960063e-9
5103	2.1916999567106807e-9
5106	1.7716160191039862e-9
5109	1.3571446793196972e-9
5112	9.482664211016212e-10
5115	5.449617281935647e-10
5118	1.472110843393193e-10
5121	-2.450050267172603e-10
5124	-6.317061212323991e-10
5127	-1.0129117154622898e-9
5130	-1.38864132566311e-9
5133	-1.758914468091084e-9
5136	-2.1237506590023733e-9
5139	-2.483169414653186e-9
5142	-2.8371902512997165e-9
5145	-3.1858326851981414e-9
5148	-3.529116232604684e-9
5151	-3.867060409775507e-9
5154	-4.199684732966804e-9
5157	-4.527008718434799e-9
5160	-4.849051882435668e-9
5163	-5.165833741225603e-9
5166	-5.477373811060785e-9
5169	-5.783691608197421e-9
5172	-6.084806648891688e-9
5175	-6.38073844939981e-9
5178	-6.671506525977964e-9
5181	-6.957130394882329e-9
5184	-7.237629572369112e-9
5187	-7.513023574694492e-9
5190	-7.783331918114692e-9
5193	-8.048574118885875e-9
5196	-8.308769693264248e-9
5199	-8.56393815750599e-9
5202	-8.814099027867322e-9
5205	-9.059271820604408e-9
5208	-9.299476051973458e-9
5211	-9.534731238230651e-9
5214	-9.765056895632204e-9
5217	-9.990472540434283e-9
5220	-1.0210997688893097e-8
5223	-1.042665185726484e-8
5226	-1.0637454561805713e-8
5229	-1.0843425318771886e-8
5232	-1.1044583644419554e-8
5235	-1.124094905500492e-8
5238	-1.1432541066784179e-8
5241	-1.1619379196013532e-8
5244	-1.180148295894914e-8
5247	-1.1978871871847219e-8
5250	-1.2151565450963961e-8
5253	-1.2319583212555558e-8
5256	-1.2482944672878194e-8
5259	-1.2641669348188072e-8
5262	-1.2795776754741388e-8
5265	-1.2945286408794328e-8
5268	-1.3090217826603093e-8
5271	-1.3230590524423859e-8
5274	-1.3366424018512833e-8
5277	-1.3497737825126207e-8
5280	-1.3624551460520174e-8
5283	-1.3746884440950916e-8
5286	-1.386475628267466e-8
5289	-1.3978186501947551e-8
5292	-1.408719461502581e-8
5295	-1.4191800138165627e-8
5298	-1.4292022587623185e-8
5301	-1.4387881479654705e-8
5304	-1.4479396330516343e-8
5307	-1.456658665646431e-8
5310	-1.464947197375479e-8
5313	-1.4728071798643996e-8
5316	-1.48024056473881e-8
5319	-1.4872493036243306e-8
5322	-1.4938353481465797e-8
5325	-1.5000006499311785e-8
5328	-1.5057471606037444e-8
5331	-1.5110768317898977e-8
5334	-1.5159916151152577e-8
5337	-1.5204934622054427e-8
5340	-1.5245843246860737e-8
5343	-1.5282661541827686e-8
5346	-1.5315409023211482e-8
5349	-1.53441052072683e-8
5352	-1.536876961025433e-8
5355	-1.538942174842579e-8
5358	-1.540608113803885e-8
5361	-1.541876729534972e-8
5364	-1.542749973661458e-8
5367	-1.543229797808962e-8
5370	-1.543318153603104e-8
5373	-1.5430169926695037e-8
5376	-1.5423282666337803e-8
5379	-1.5412539271215528e-8
5382	-1.53979592575844e-8
5385	-1.537956214170062e-8
5388	-1.5357367439820377e-8
5391	-1.533139466819987e-8
5394	-1.530166334309528e-8
5397	-1.5268192980762807e-8
5400	-1.5231003097458648e-8
5403	-1.519011320943899e-8
5406	-1.514554283296004e-8
5409	-1.5097311484277974e-8
5412	-1.5045438679648984e-8
5415	-1.4989943935329265e-8
5418	-1.4930846767575014e-8
5421	-1.4868166692642445e-8
5424	-1.4801923226787713e-8
5427	-1.4732135886267026e-8
5430	-1.4658824187336582e-8
5433	-1.4582007646252565e-8
5436	-1.4501705779271183e-8
5439	-1.4417938102648613e-8
5442	-1.4330724132641056e-8
5445	-1.42400833855047e-8
5448	-1.4146035377495749e-8
5451	-1.4048599624870385e-8
5454	-1.3947795643884806e-8
5457	-1.3843642950795211e-8
5460	-1.3736161061857769e-8
5463	-1.3625369493328707e-8
5466	-1.3511287761464196e-8
5469	-1.3393935382520431e-8
5472	-1.3273331872753614e-8
5475	-1.3149496748419917e-8
5478	-1.3022449525775553e-8
5481	-1.2892209721076725e-8
5484	-1.27587968505796e-8
5487	-1.2622230430540375e-8
5490	-1.2482529977215256e-8
5493	-1.2339715006860424e-8
5496	-1.2193805035732087e-8
5499	-1.2044819580086411e-8
5502	-1.1892778156179625e-8
5505	-1.1737700280267889e-8
5508	-1.1579605468607417e-8
5511	-1.1418513237454402e-8
5514	-1.1254443103065023e-8
5517	-1.108741458169548e-8
5520	-1.091744718960197e-8
5523	-1.074456044304068e-8
5526	-1.0568773858267811e-8
5529	-1.0390106951539548e-8
5532	-1.020857923911208e-8
5535	-1.0024210237241612e-8
5538	-9.837019462184328e-9
5541	-9.64702643019643e-9
5544	-9.454250657534101e-9
5547	-9.258711660453537e-9
5550	-9.060428955210933e-9
5553	-8.859422058062476e-9
5556	-8.655710485264373e-9
5559	-8.449313753072799e-9
5562	-8.240251377743967e-9
5565	-8.028542875534049e-9
5568	-7.814207762699253e-9
5571	-7.597265555495766e-9
5574	-7.377735770179783e-9
5577	-7.155637923007495e-9
5580	-6.930991530235095e-9
5583	-6.703816108118779e-9
5586	-6.474131172914745e-9
5589	-6.241956240879169e-9
5592	-6.007310828268255e-9
5595	-5.770214451338199e-9
5598	-5.530686626345184e-9
5601	-5.288746869545419e-9
5604	-5.044414697195077e-9
5607	-4.797709625550364e-9
5610	-4.548651170867468e-9
5613	-4.297258849402586e-9
5616	-4.043552177411908e-9
5619	-3.787550671151628e-9
5622	-3.5292738468779397e-9
5625	-3.2687412208470334e-9
5628	-3.005972309315105e-9
5631	-2.7409866285383476e-9
5634	-2.47380369477295e-9
5637	-2.2044430242751094e-9
5640	-1.9329241333010172e-9
5643	-1.6592665381068674e-9
5646	-1.3834897549488515e-9
5649	-1.1056133000831636e-9
5652	-8.256566897659961e-10
5655	-5.436394402535421e-10
5658	-2.595810678019947e-10
5661	-2.252535934456907e-11
5664	-2.656957979032144e-10
5667	-5.074280536593346e-10
5670	-7.477248419915791e-10
5673	-9.865888782785972e-10
5676	-1.2240228778990383e-9
5679	-1.4600295562315515e-9
5682	-1.6946116286547868e-9
5685	-1.927771810547393e-9
5688	-2.15951281728802e-9
5691	-2.389837364255315e-9
5694	-2.618748166827931e-9
5697	-2.8462479403845154e-9
5700	-3.072339400303717e-9
5703	-3.297025261964186e-9
5706	-3.5203082407445703e-9
5709	-3.742191052023522e-9
5712	-3.962676411179689e-9
5715	-4.181767033591721e-9
5718	-4.399465634638266e-9
5721	-4.6157749296979735e-9
5724	-4.8306976341494956e-9
5727	-5.0442364633714785e-9
5730	-5.256394132742573e-9
5733	-5.467173357641428e-9
5736	-5.676576853446695e-9
5739	-5.8846073355370175e-9
5742	-6.091267519291052e-9
5745	-6.296560120087445e-9
5748	-6.500487853304843e-9
5751	-6.703053434321901e-9
5754	-6.904259578517263e-9
5757	-7.104109001269582e-9
5760	-7.3026044179575035e-9
5763	-7.499748543959682e-9
5766	-7.695544094654762e-9
5769	-7.889993785421396e-9
5772	-8.083100331638235e-9
5775	-8.274866448683922e-9
5778	-8.465294851937112e-9
5781	-8.654388256776452e-9
5784	-8.842149378580592e-9
5787	-9.02858093272818e-9
5790	-9.213685634597868e-9
5793	-9.397466199568305e-9
5796	-9.579925343018136e-9
5799	-9.761065780326015e-9
5802	-9.940890226870591e-9
5805	-1.0119401398030514e-8
5808	-1.0296602009184428e-8
5811	-1.0472494775710988e-8
5814	-1.0647082412988839e-8
5817	-1.0820367636396637e-8
5820	-1.0992353161313023e-8
5823	-1.1163041703116652e-8
5826	-1.1332435977186172e-8
5829	-1.1500538698900232e-8
5832	-1.166735258363748e-8
5835	-1.183288034677657e-8
5838	-1.1997124703696146e-8
5841	-1.2160088369774863e-8
5844	-1.2321774060391362e-8
5847	-1.24821844909243e-8
5850	-1.2641322376752323e-8
5853	-1.2799190433254082e-8
5856	-1.2955791375808223e-8
5859	-1.3111127919793402e-8
5862	-1.3265202780588262e-8
5865	-1.3418018673571451e-8
5868	-1.3569578314121627e-8
5871	-1.371988441761743e-8
5874	-1.3868939699437518e-8
5877	-1.4016746874960531e-8
5880	-1.4163308659565125e-8
5883	-1.4308627768629951e-8
5886	-1.4452706917533651e-8
5889	-1.4595548821654881e-8
5892	-1.4737156196372284e-8
5895	-1.4877531757064518e-8
5898	-1.5016678219110223e-8
5901	-1.5154598297888057e-8
5904	-1.529129470877666e-8
5907	-1.5426770167154692e-8
5910	-1.5561027388400792e-8
5913	-1.5694069087893615e-8
5916	-1.5825897981011814e-8
5919	-1.595651678313403e-8
5922	-1.6085928209638917e-8
5925	-1.621413497590512e-8
5928	-1.6341139797311298e-8
5931	-1.646694538923609e-8
5934	-1.659155446705815e-8
5937	-1.6714969746156132e-8
5940	-1.6837193941908673e-8
5943	-1.6958229769694437e-8
5946	-1.7078079944892058e-8
5949	-1.71967471828802e-8
5952	-1.7314234199037503e-8
5955	-1.743054370874262e-8
5958	-1.75456784273742e-8
5961	-1.765964107031089e-8
5964	-1.7772434352931347e-8
5967	-1.7884060990614206e-8
5970	-1.7994523698738128e-8
5973	-1.8103825192681766e-8
5976	-1.8211968187823757e-8
5979	-1.8318955399542754e-8
5982	-1.842478954321741e-8
5985	-1.8529473334226375e-8
5988	-1.8633009487948293e-8
5991	-1.873540071976182e-8
5994	-1.8836649745045597e-8
5997	-1.8936759279178283e-8