0	0.
3	-0.00014024293548970987
6	-0.00013160711239358506
9	-0.000039766667097172266
12	0.00007992188555617217
15	0.00012145537122725778
18	0.00008243511201490968
21	0.00010025289296749802
24	0.00014404410933481826
27	0.00019808774203237356
30	0.00024010660335957942
33	0.0002647762857618121
36	0.00028362401195225153
39	0.00030467526731361874
42	0.00032593092220364374
45	0.00034868925876623436
48	0.0003771469697613725
51	0.00040845042573792173
54	0.0004423258978227611
57	0.0004790021025637384
60	0.0005209796518750388
63	0.0005637471738726205
66	0.0006058237943920126
69	0.0006457286392687436
72	0.0006784864149736151
75	0.0006954881292018045
78	0.0007081991586912409
81	0.0007179601612328411
84	0.0007261117946175215
87	0.0007339947166361992
90	0.0007443859462486684
93	0.0007710886768333961
96	0.000800468878411675
99	0.0008319586536722705
102	0.0008649901053039481
105	0.0008989953359954731
108	0.0009334064484356105
111	0.000967655545313126
114	0.0009984206464130848
117	0.0010227587151478037
120	0.0010456534831027983
123	0.0010671555722032338
126	0.0010873156043742745
129	0.001106184201541086
132	0.0011238119856288335
135	0.0011402495785626814
138	0.001155547602267795
141	0.0011697566786693394
144	0.001182882533240317
147	0.0011949908155493858
150	0.0012061648330994395
153	0.0012164589059807094
156	0.0012259273542834274
159	0.0012346244980978246
162	0.0012426046575141328
165	0.0012499221526225837
168	0.0012566313035134082
171	0.0012627864302768386
174	0.0012684418530031056
177	0.0012736518917824417
180	0.0012793082434412446
183	0.0012863491611777116
186	0.001293086006473564
189	0.0012994933748478991
192	0.0013055458618198138
195	0.0013112180629084053
198	0.0013164845736327703
201	0.0013213199895120052
204	0.0013256989060652076
207	0.001329595918811474
210	0.0013329856232699013
213	0.0013358426149595868
216	0.0013381414893996267
219	0.0013398568421091185
222	0.0013409632686071586
225	0.0013414353644128443
228	0.001337957819433504
231	0.0013333214961596834
234	0.0013280150794233736
237	0.0013220870607476441
240	0.0013155859316555647
243	0.001308560183670205
246	0.0013010583083146341
249	0.0012931287971119222
252	0.0012848201415851382
255	0.0012761808332573525
258	0.001267259363651634
261	0.0012581042242910529
264	0.0012487639066986781
267	0.0012392869023975799
270	0.0012297217029108274
273	0.0012201167997614904
276	0.0012105206844726384
279	0.001200981848567341
282	0.0011915487835686678
285	0.0011844385245357812
288	0.0011804464028040884
291	0.0011767212032722787
294	0.001173248236004262
297	0.0011700128110639482
300	0.0011670002385152476
303	0.0011641958284220703
306	0.0011615848908483265
309	0.0011591527358579261
312	0.0011568846735147795
315	0.0011547660138827964
318	0.0011527820670258872
321	0.001150918143007962
324	0.0011491595518929305
327	0.0011474916037447034
330	0.0011458996086271902
333	0.0011443688766043017
336	0.0011428847177399476
339	0.0011414324420980378
342	0.0011399973597424826
345	0.0011385647807371925
348	0.0011371200151460768
351	0.0011356483730330462
354	0.0011341351644620107
357	0.0011325656994968802
360	0.0011284986172850453
363	0.0011241797004841402
366	0.0011197570237182614
369	0.00111523618982398
372	0.0011106228016378686
375	0.0011059224619964995
378	0.001101140773736444
381	0.0010962833396942749
384	0.0010913557627065637
387	0.0010863636456098827
390	0.0010813125912408038
393	0.0010762082024358996
396	0.0010710560820317413
399	0.0010658618328649018
402	0.0010606310577719526
405	0.0010553693595894659
408	0.0010500823411540136
411	0.0010447756053021682
414	0.0010394547548705012
417	0.001034125392695585
420	0.0010287931216139917
423	0.0010234635444622932
426	0.0010181422640770615
429	0.0010128348832948689
432	0.0010075470049522872
435	0.0010022842318858885
438	0.0009970521669322452
441	0.0009918564129279288
444	0.0009867025727095117
447	0.0009815962491135659
450	0.0009767286743355371
453	0.0009733226143110985
456	0.0009699930853352847
459	0.000966737779734987
462	0.0009635543898370968
465	0.0009604406079685052
468	0.0009573941264561034
471	0.0009544126376267828
474	0.0009514938338074346
477	0.0009486354073249498
480	0.0009458350505062198
483	0.0009430904556781358
486	0.000940399315167589
489	0.0009377593213014707
492	0.000935168166406672
495	0.0009326235428100841
498	0.0009301231428385985
501	0.0009276646588191063
504	0.0009252457830784986
507	0.0009228642079436666
510	0.0009205176257415018
513	0.0009182037287988951
516	0.0009159202094427379
519	0.0009136647599999215
522	0.0009114350727973369
525	0.0009092288401618755
528	0.0009070437544204285
531	0.0009048775078998871
534	0.0009027277929271427
537	0.000900592301829086
540	0.0008984687269326088
543	0.0008963547605646022
546	0.0008942480950519571
549	0.0008921464227215651
552	0.0008900474359003173
555	0.0008879488269151049
558	0.0008858482880928192
561	0.0008837435117603512
564	0.0008816321902445924
567	0.0008792568656899076
570	0.0008762956298163453
573	0.0008733156070409033
576	0.000870317096569424
579	0.0008673003976077495
582	0.000864265809361722
585	0.0008612136310371834
588	0.0008581441618399765
591	0.000855057700975943
594	0.0008519545476509252
597	0.0008488350010707655
600	0.000845699360441306
603	0.0008425479249683886
606	0.000839380993857856
609	0.00083619886631555
612	0.0008330018415473129
615	0.000829790218758987
618	0.0008265642971564144
621	0.0008233243759454374
624	0.000820070754331898
627	0.0008168037315216386
630	0.0008135236067205012
633	0.0008102306791343282
636	0.0008069252479689618
639	0.0008036076124302439
642	0.000800278071724017
645	0.000796936925056123
648	0.0007935844716324045
651	0.0007902210106587034
654	0.000786846841340862
657	0.0007834622628847225
660	0.000780067574496127
663	0.0007766630753809179
666	0.000773249064744937
669	0.000769825841794027
672	0.0007663937057340297
675	0.0007629529557707874
678	0.0007595038911101424
681	0.0007560468109579369
684	0.0007525820145200129
687	0.0007491098010022129
690	0.0007456304696103789
693	0.0007421443195503529
696	0.0007386516500279775
699	0.0007351527602490946
702	0.0007316479494195467
705	0.0007281375167451755
708	0.0007246217614318237
711	0.0007211009826853332
714	0.0007176069243559273
717	0.0007141468629679106
720	0.0007106830586964863
723	0.0007072156722225504
726	0.0007037448642269991
729	0.0007002707953907284
732	0.0006967936263946343
735	0.0006933135179196131
738	0.0006898306306465606
741	0.0006863451252563731
744	0.0006828571624299465
747	0.000679366902848177
750	0.000675874507191961
753	0.0006723801361421939
756	0.0006688839503797723
759	0.0006653861105855921
762	0.0006618867774405492
765	0.0006583861116255401
768	0.0006548842738214608
771	0.000651381424709207
774	0.0006478777249696752
777	0.0006443733352837613
780	0.0006408684163323613
783	0.0006373631287963715
786	0.0006338576333566879
789	0.0006303520906942064
792	0.0006268466614898234
795	0.0006233415064244347
798	0.0006198367861789365
801	0.000616332661434225
804	0.0006128292928711961
807	0.0006093268411707459
810	0.0006058254670137706
813	0.0006023253310811662
816	0.0005988265940538288
819	0.0005953294166126545
822	0.0005918339594385394
825	0.0005883403832123794
828	0.0005848488486150709
831	0.0005813595163275098
834	0.000577872547030592
837	0.000574388101405214
840	0.0005709063401322716
843	0.0005674274238926609
846	0.0005639515133672781
849	0.0005604787692370191
852	0.0005570093521827802
855	0.0005535434228854573
858	0.0005500811420259466
861	0.0005466226702851441
864	0.000543168168343946
867	0.0005397177968832483
870	0.0005362717165839471
873	0.0005328300881269385
876	0.0005293930721931184
879	0.0005259608294633832
882	0.0005225335206186288
885	0.0005191113063397513
888	0.0005156943473076466
891	0.0005122828042032112
894	0.0005088768377073409
897	0.0005054766085009319
900	0.0005020702388849323
903	0.0004986691637138384
906	0.0004952742540754767
909	0.0004918856866466587
912	0.0004885036381041957
915	0.00048512828512489893
918	0.0004817598043855798
921	0.00047839837256304947
924	0.00047504416633411937
927	0.0004716973623756007
930	0.0004683581373643047
933	0.0004650266679770428
936	0.00046170313089062624
939	0.00045838770278186627
942	0.0004550805603275743
945	0.0004517818802045615
948	0.0004484918390896392
951	0.0004452106136596187
954	0.0004419383805913114
957	0.0004386753165615284
960	0.00043542159824708107
963	0.00043217740232478086
966	0.00042894290547143885
969	0.0004257182843638664
972	0.0004225037156788748
975	0.00041929937609327543
978	0.0004161054422838795
981	0.0004129220909274983
984	0.0004097494987009431
987	0.0004065878422810254
990	0.00040343729834455623
993	0.000400298043568347
996	0.00039717025462920907
999	0.0003940541082039535
1002	0.0003909497809693919
1005	0.0003878574496023353
1008	0.00038477729077959516
1011	0.00038170948117798275
1014	0.0003786541974743093
1017	0.00037561161634538617
1020	0.00037258191446802455
1023	0.0003695652685190359
1026	0.0003665618551752314
1029	0.00036357185111342234
1032	0.00036059543301042007
1035	0.0003576327775430358
1038	0.0003546840613880809
1041	0.00035174946122236666
1044	0.0003488291537227044
1047	0.00034592331556590537
1050	0.0003430321234287808
1053	0.00034015575398814213
1056	0.00033729438392080056
1059	0.0003344481899035673
1062	0.0003316173486132539
1065	0.00032880203672667145
1068	0.0003260024309206313
1071	0.00032321870787194466
1074	0.000320451044257423
1077	0.0003176996167538775
1080	0.0003149646020381195
1083	0.00031224617678696025
1086	0.000309544517677211
1089	0.0003068598013856832
1092	0.000304192204589188
1095	0.0003015419039645368
1098	0.0002989090761885408
1101	0.0002962938979380113
1104	0.0002936965458897597
1107	0.0002911171967205972
1110	0.00028855602710733513
1113	0.00028601321372678475
1116	0.00028348893325575743
1119	0.00028098336237106436
1122	0.000278496677749517
1125	0.0002760290560679264
1128	0.000273580674003104
1131	0.00027137600689762156
1134	0.0002694060113075932
1137	0.0002674575823601724
1140	0.0002655305491964156
1143	0.00026362474095737896
1146	0.0002617399867841187
1149	0.00025987611581769113
1152	0.00025803295719915246
1155	0.000256210340069559
1158	0.00025440809356996685
1161	0.0002526260468414324
1164	0.00025086402902501194
1167	0.00024912186926176157
1170	0.00024739939669273767
1173	0.0002456964404589964
1176	0.00024401282970159407
1179	0.00024234839356158694
1182	0.00024070296118003124
1185	0.00023907636169798316
1188	0.00023746842425649906
1191	0.0002358789779966351
1194	0.0002343078520594476
1197	0.00023275487558599274
1200	0.00023121987771732683
1203	0.00022970268759450608
1206	0.0002282031343585868
1209	0.0002267210471506252
1212	0.00022525625511167748
1215	0.00022380858738279996
1218	0.0002223778731050489
1221	0.0002209639414194805
1224	0.00021956662146715105
1227	0.0002181857423891168
1230	0.00021682113332643398
1233	0.0002154726234201588
1236	0.00021414004181134766
1239	0.00021282321764105663
1242	0.00021152198005034204
1245	0.0002102361581802602
1248	0.00020896558117186728
1251	0.0002077100781662195
1254	0.00020646947830437322
1257	0.00020524361072738465
1260	0.00020403230457631002
1263	0.00020283538899220556
1266	0.00020165269311612756
1269	0.00020048404608913225
1272	0.0001993292770522759
1275	0.00019818821514661474
1278	0.00019706068951320506
1281	0.00019594652929310304
1284	0.00019484556362736502
1287	0.0001937576216570472
1290	0.0001926825325232058
1293	0.00019162012536689713
1296	0.0001905702293291774
1299	0.0001895326735511029
1302	0.00018850728717372984
1305	0.00018749389933811453
1308	0.00018649233918531315
1311	0.00018550243585638198
1314	0.0001845240184923773
1317	0.0001835569162343553
1320	0.0001826009582233723
1323	0.0001816559736004845
1326	0.00018072179150674814
1329	0.00017979824108321952
1332	0.00017888515147095486
1335	0.00017798235181101045
1338	0.00017708967124444247
1341	0.00017620693891230724
1344	0.00017533398395566094
1347	0.0001744706355155599
1350	0.00017361672273306033
1353	0.00017277207474921844
1356	0.0001719365207050906
1359	0.00017110988974173294
1362	0.00017029201100020178
1365	0.00016948271362155333
1368	0.00016868182674684387
1371	0.00016788917951712963
1374	0.00016710460107346686
1377	0.00016632792055691186
1380	0.0001655589671085208
1383	0.00016479756986935
1386	0.00016404355798045568
1389	0.00016329676058289411
1392	0.0001625570068177215
1395	0.00016182412582599413
1398	0.00016109794674876827
1401	0.00016037829872710013
1404	0.00015966501090204597
1407	0.0001589579124146621
1410	0.00015825683240600468
1413	0.00015756160001713
1416	0.00015687204438909433
1419	0.00015618799466295388
1422	0.00015549866705879666
1425	0.0001544745114651398
1428	0.00015345405368775574
1431	0.0001524372983316453
1434	0.00015142425000180948
1437	0.00015041491330324908
1440	0.000149409292840965
1443	0.00014840739321995812
1446	0.00014740921904522934
1449	0.00014641477492177953
1452	0.0001454240654546096
1455	0.0001444370952487204
1458	0.00014345386890911283
1461	0.0001424743910407878
1464	0.00014149866624874613
1467	0.00014052669913798874
1470	0.00013955849431351655
1473	0.00013859405638033036
1476	0.00013763338994343113
1479	0.0001366764996078197
1482	0.00013572338997849698
1485	0.00013477406566046385
1488	0.00013382853125872116
1491	0.00013288679137826983
1494	0.00013194885062411076
1497	0.00013101471360124476
1500	0.0001300843849146728
1503	0.0001291578691693957
1506	0.00012823517097041437
1509	0.0001273162949227297
1512	0.00012640124563134258
1515	0.00012549002770125385
1518	0.00012458264573746443
1521	0.00012367910434497523
1524	0.00012277940812878706
1527	0.00012188356169390084
1530	0.00012099156964531747
1533	0.00012010343658803783
1536	0.00011921916712706278
1539	0.00011833876586739323
1542	0.00011746223741403005
1545	0.00011658958637197413
1548	0.00011572081734622634
1551	0.00011485593494178759
1554	0.00011399494376365873
1557	0.00011313784841684069
1560	0.00011228465350633428
1563	0.00011143536363714047
1566	0.00011058998341426007
1569	0.000109748517442694
1572	0.00010891097032744318
1575	0.00010807734667350842
1578	0.00010724765108589064
1581	0.00010642188816959072
1584	0.00010560006252960955
1587	0.000104782178770948
1590	0.00010396824149860698
1593	0.00010315825531758732
1596	0.00010235222483288998
1599	0.00010155015464951578
1602	0.00010075204937246562
1605	0.00009995791360674042
1608	0.000099167751957341
1611	0.00009838156902926832
1614	0.00009759936942752318
1617	0.00009682115775710652
1620	0.00009604693862301923
1623	0.00009527671663026214
1626	0.00009451049638383619
1629	0.00009374828248874223
1632	0.00009299007954998116
1635	0.00009223589217255385
1638	0.0000914857249614612
1641	0.00009073958252170409
1644	0.00008999746945828339
1647	0.00008925939037619999
1650	0.00008852534988045478
1653	0.00008779535257604865
1656	0.00008706940306798246
1659	0.00008634750596125711
1662	0.0000856296658608735
1665	0.00008491588737183246
1668	0.00008420617509913493
1671	0.00008350053364778176
1674	0.00008279896762277387
1677	0.00008210148162911211
1680	0.00008140808027179736
1683	0.00008071876815583054
1686	0.00008003354988621248
1689	0.00007935243006794412
1692	0.00007867541330602631
1695	0.00007800250420545995
1698	0.00007733370737124591
1701	0.00007666902740838509
1704	0.00007600846892187835
1707	0.00007535203651672658
1710	0.00007469973479793068
1713	0.00007405156837049153
1716	0.00007340754183941
1719	0.00007276765980968699
1722	0.00007213192688632338
1725	0.00007150034767432003
1728	0.00007087292677867786
1731	0.00007024966880439773
1734	0.00006963057835648053
1737	0.00006901566003992715
1740	0.00006840491845973846
1743	0.00006779835822091535
1746	0.00006719598392845872
1749	0.00006659780018736942
1752	0.00006600381160264838
1755	0.00006541402277929644
1758	0.0000648284383223145
1761	0.00006424706283670345
1764	0.00006366990092746416
1767	0.00006309695719959752
1770	0.00006252823625810442
1773	0.00006196374270798575
1776	0.00006140348115424237
1779	0.00006084745620187517
1782	0.00006029567245588505
1785	0.000059748134521272876
1788	0.00005920484700303955
1791	0.00005869436625082251
1794	0.00005825268803584053
1797	0.00005781554686406414
1800	0.00005738291795709266
1803	0.00005695477653652542
1806	0.00005653109782396176
1809	0.00005611185704100103
1812	0.00005569702940924254
1815	0.00005528659015028564
1818	0.00005488051448572967
1821	0.000054478777637173956
1824	0.00005408135482621784
1827	0.000053688221274460646
1830	0.00005329935220350172
1833	0.00005291472283494038
1836	0.000052534308390375996
1839	0.00005215808409140788
1842	0.00005178602515963536
1845	0.00005141810681665779
1848	0.00005105430428407448
1851	0.00005069459278348481
1854	0.000050338947536488065
1857	0.000049987343764683604
1860	0.000049639756689670765
1863	0.00004929616153304889
1866	0.000048956533516417294
1869	0.00004862084786137532
1872	0.0000482890797895223
1875	0.00004796120452245759
1878	0.000047637197281780496
1881	0.00004731703328909037
1884	0.000047000687765986555
1887	0.00004668813593406836
1890	0.00004637935301493514
1893	0.00004607431423018623
1896	0.00004577299480142097
1899	0.00004547536995023867
1902	0.0000451814148982387
1905	0.00004489110486702036
1908	0.000044604415078183015
1911	0.000044321320753325984
1914	0.00004404179711404861
1917	0.00004376581938195022
1920	0.00004349336277863017
1923	0.00004322440252568776
1926	0.00004295891384472235
1929	0.000042696871957333275
1932	0.000042438252085119864
1935	0.000042183029449681455
1938	0.000041931179272617376
1941	0.000041682676775526976
1944	0.00004143749718000958
1947	0.00004119561570766453
1950	0.00004095700758009116
1953	0.00004072164801888879
1956	0.00004048951224565678
1959	0.000040260575481994446
1962	0.00004003481294950113
1965	0.00003981219986977618
1968	0.00003959271146441892
1971	0.00003937632295502866
1974	0.00003916300956320478
1977	0.0000389527465105466
1980	0.00003874550901865345
1983	0.000038541272309124654
1986	0.000038340011603559566
1989	0.00003814170212355751
1992	0.00003794631909071784
1995	0.000037753837726639864
1998	0.00003756423325292293
2001	0.000037377480891166384
2004	0.00003719355586296955
2007	0.00003701243338993176
2010	0.00003683408869365236
2013	0.000036658496995730676
2016	0.000036485633517766045
2019	0.00003631547348135781
2022	0.00003614799210810529
2025	0.00003598316461960784
2028	0.00003582096623746479
2031	0.00003566137218327547
2034	0.0000355043576786392
2037	0.00003534989794515535
2040	0.00003519796820442323
2043	0.00003504854367804218
2046	0.000034901599587611545
2049	0.00003475711115473065
2052	0.00003461505360099884
2055	0.000034475402148015434
2058	0.000034338132017379785
2061	0.000034203218430691216
2064	0.00003407063660954907
2067	0.00003394036177555268
2070	0.00003381236915030138
2073	0.00003368663395539451
2076	0.000033563131412431396
2079	0.00003344183674301138
2082	0.000033322725168733795
2085	0.00003320577191119798
2088	0.00003309095219200326
2091	0.00003297824123274899
2094	0.00003286761425503449
2097	0.00003275904648045909
2100	0.00003265251313062214
2103	0.00003254798942712297
2106	0.000032445450591560915
2109	0.00003234487184553531
2112	0.00003224622841064548
2115	0.000032149495508490786
2118	0.00003205464836067054
2121	0.000031961662188784086
2124	0.00003187051221443077
2127	0.000031781173659209896
2130	0.000031693621744720835
2133	0.0000316078316925629
2136	0.00003152377872433543
2139	0.00003144143806163777
2142	0.00003136078492606925
2145	0.0000312817945392292
2148	0.00003120444212271695
2151	0.00003112870289813186
2154	0.00003105455208707324
2157	0.00003098196491114044
2160	0.000030910916591932786
2163	0.000030841382351049623
2166	0.000030773337410090277
2169	0.000030706756990654094
2172	0.0000306416163143404
2175	0.00003057789060274853
2178	0.000030515555077477822
2181	0.000030454584960127615
2184	0.00003039495547229724
2187	0.000030336641835586035
2190	0.00003027961927159333
2193	0.000030223863001918464
2196	0.000030169348248160776
2199	0.0000301160502319196
2202	0.000030063944174794267
2205	0.000030013005298384112
2208	0.000029963208824288473
2211	0.00002991452997410669
2214	0.00002986694396943809
2217	0.00002982042603188201
2220	0.00002977495138303779
2223	0.00002973049524450476
2226	0.00002968703283788226
2229	0.000029644539384769623
2232	0.000029602990106766182
2235	0.000029562360225471277
2238	0.000029522624962484243
2241	0.00002948375953940441
2244	0.000029445739177831113
2247	0.0000294085390993637
2250	0.00002937213452560149
2253	0.00002933650067814383
2256	0.000029200780714034848
2259	0.00002904164442114137
2262	0.00002888291787007219
2265	0.000028724601152223468
2268	0.000028566694358991366
2271	0.000028409197581772058
2274	0.000028252110911961696
2277	0.00002809543444095646
2280	0.000027939168260152506
2283	0.000027783312460945994
2286	0.000027627867134733096
2289	0.000027472832372909985
2292	0.000027318208266872808
2295	0.000027163994908017744
2298	0.00002701019238774095
2301	0.000026856800797438596
2304	0.00002670382022850684
2307	0.000026551250772341857
2310	0.000026399092520339804
2313	0.000026247345563896848
2316	0.000026096009994409155
2319	0.00002594508590327289
2322	0.000025794573381884216
2325	0.000025644472521639303
2328	0.000025494783413934307
2331	0.000025345506150165402
2334	0.000025196640821728747
2337	0.00002504818752002051
2340	0.00002490014633643685
2343	0.000024752517362373943
2346	0.000024605300689227948
2349	0.000024458496408395023
2352	0.000024312104611271343
2355	0.000024166125389253073
2358	0.000024020558833736366
2361	0.000023875405036117406
2364	0.000023730664087792337
2367	0.00002358633608015734
2370	0.000023442421104608574
2373	0.000023298919252542206
2376	0.000023155830615354394
2379	0.000023013155284441313
2382	0.000022870893351199117
2385	0.000022729044907023977
2388	0.000022587610043312065
2391	0.00002244658885145953
2394	0.000022305981422862555
2397	0.000022165787848917285
2400	0.0000220260082210199
2403	0.000021886642630566555
2406	0.00002174769116895343
2409	0.000021609153927576674
2412	0.000021471030997832463
2415	0.000021333322471116952
2418	0.00002119602843882631
2421	0.00002105914899235671
2424	0.000020922684223104302
2427	0.000020786634222465263
2430	0.000020650999081835753
2433	0.000020515778892611937
2436	0.00002038097374618998
2439	0.00002024658373396605
2442	0.000020112608947336305
2445	0.00001997904947769692
2448	0.000019845905416444046
2451	0.000019713176854973865
2454	0.000019580863884682528
2457	0.000019448966596966205
2460	0.00001931748508322106
2463	0.00001918641943484326
2466	0.00001905576974322897
2469	0.000018925536099774358
2472	0.00001879571859587558
2475	0.0000186663173229288
2478	0.0000185373323723302
2481	0.000018408763835475926
2484	0.00001828061180376215
2487	0.000018152876368585036
2490	0.000018025557621340756
2493	0.000017898655653425467
2496	0.000017772170556235336
2499	0.000017646102421166526
2502	0.000017520451339615206
2505	0.000017395217402977536
2508	0.000017270400702649686
2511	0.00001714600133002782
2514	0.000017022019376508096
2517	0.00001689845493348669
2520	0.000016775308092359758
2523	0.000016652578944523472
2526	0.000016530267581373992
2529	0.000016408374094307485
2532	0.000016286898574720114
2535	0.000016165841114008042
2538	0.00001604520180356744
2541	0.00001592498073479447
2544	0.000015805177999085298
2547	0.00001568579368783609
2550	0.000015566827892443002
2553	0.000015448280704302208
2556	0.000015330152214809876
2559	0.000015212442515362159
2562	0.00001509515169735523
2565	0.000014978279852185253
2568	0.000014861827071248394
2571	0.000014745793445940815
2574	0.00001463017906765868
2577	0.000014514984027798158
2580	0.000014400208417755411
2583	0.000014285852328926607
2586	0.000014171915852707907
2589	0.000014058399080495477
2592	0.000013945302103685485
2595	0.000013832625013674092
2598	0.000013720367901857466
2601	0.000013608530859631772
2604	0.00001349711397839317
2607	0.00001338611734953783
2610	0.000013275541064461913
2613	0.00001316538521456159
2616	0.00001305564989123302
2619	0.00001294633518587237
2622	0.000012837441189875804
2625	0.00001272896799463949
2628	0.000012620915691559591
2631	0.000012513284372032272
2634	0.000012406074127453695
2637	0.000012299285049220029
2640	0.000012192917228727437
2643	0.000012086970757372087
2646	0.000011981445726550137
2649	0.00001187634222765776
2652	0.000011771660352091115
2655	0.000011667400191246371
2658	0.000011563561836519692
2661	0.000011460145379307241
2664	0.000011357150911005182
2667	0.000011254578523009684
2670	0.00001115242830671691
2673	0.000011050700353523023
2676	0.000010949394754824191
2679	0.000010848511602016576
2682	0.000010748050986496346
2685	0.000010648012999659663
2688	0.000010548397732902695
2691	0.000010449205277621606
2694	0.00001035043572521256
2697	0.000010252089167071719
2700	0.000010154165694595254
2703	0.000010056665399179327
2706	9.959588372220103e-6
2709	9.862934705113746e-6
2712	9.766704489256424e-6
2715	9.670897816044295e-6
2718	9.575514776873534e-6
2721	9.480555463140298e-6
2724	9.386019966240754e-6
2727	9.291908377571067e-6
2730	9.198220788527403e-6
2733	9.104957290505928e-6
2736	9.012117974902804e-6
2739	8.919702933114198e-6
2742	8.827712256536272e-6
2745	8.736146036565196e-6
2748	8.645004364597128e-6
2751	8.554287332028242e-6
2754	8.463995030254692e-6
2757	8.374127550672652e-6
2760	8.284684984678283e-6
2763	8.195667423667752e-6
2766	8.107074959037221e-6
2769	8.018907682182856e-6
2772	7.931165684500823e-6
2775	7.843849057387287e-6
2778	7.75695789223841e-6
2781	7.670492280450363e-6
2784	7.584452313419305e-6
2787	7.498838082541402e-6
2790	7.413649679212821e-6
2793	7.328887194829725e-6
2796	7.24455072078828e-6
2799	7.160640348484652e-6
2802	7.077156169315003e-6
2805	6.994098274675501e-6
2808	6.911466755962309e-6
2811	6.829261704571591e-6
2814	6.7474832118995155e-6
2817	6.666131369342245e-6
2820	6.5852062682959435e-6
2823	6.504708000156777e-6
2826	6.424636656320911e-6
2829	6.34499232818451e-6
2832	6.265775107143739e-6
2835	6.1869850845947636e-6
2838	6.112143070055283e-6
2841	6.045728709119955e-6
2844	5.979764253256852e-6
2847	5.914248344855622e-6
2850	5.849179626305907e-6
2853	5.784556739997354e-6
2856	5.720378328319607e-6
2859	5.656643033662312e-6
2862	5.593349498415112e-6
2865	5.530496364967654e-6
2868	5.468082275709582e-6
2871	5.4061058730305426e-6
2874	5.344565799320177e-6
2877	5.283460696968134e-6
2880	5.2227892083640565e-6
2883	5.1625499758975905e-6
2886	5.102741641958381e-6
2889	5.043362848936072e-6
2892	4.984412239220309e-6
2895	4.925888455200737e-6
2898	4.867790139267002e-6
2901	4.810115933808747e-6
2904	4.752864481215619e-6
2907	4.69603442387726e-6
2910	4.639624404183318e-6
2913	4.583633064523438e-6
2916	4.528059047287262e-6
2919	4.472900994864439e-6
2922	4.418157549644609e-6
2925	4.363827354017421e-6
2928	4.30990905037252e-6
2931	4.256401281099549e-6
2934	4.203302688588153e-6
2937	4.150611915227978e-6
2940	4.098327603408669e-6
2943	4.046448395519871e-6
2946	3.994972933951228e-6
2949	3.943899861092386e-6
2952	3.893227819332989e-6
2955	3.842955451062683e-6
2958	3.793081398671112e-6
2961	3.7436043045479223e-6
2964	3.6945228110827575e-6
2967	3.645835560665263e-6
2970	3.5975411956850852e-6
2973	3.549638358531867e-6
2976	3.502125691595254e-6
2979	3.455001837264892e-6
2982	3.408265437930424e-6
2985	3.3619151359814976e-6
2988	3.315949573807757e-6
2991	3.270367393798845e-6
2994	3.2251672383444095e-6
2997	3.1803477498340943e-6
3000	3.1359075706575437e-6
3003	3.091845343204403e-6
3006	3.048159709864318e-6
3009	3.0048493130269336e-6
3012	2.9619127950818936e-6
3015	2.9193487984188437e-6
3018	2.8771559654274293e-6
3021	2.8353329384972948e-6
3024	2.7938783600180857e-6
3027	2.7527908723794463e-6
3030	2.7120691179710216e-6
3033	2.6717117391824574e-6
3036	2.631717378403397e-6
3039	2.5920846780234876e-6
3042	2.552812280432373e-6
3045	2.5138988280196983e-6
3048	2.475342963175108e-6
3051	2.437143328288248e-6
3054	2.3992985657487625e-6
3057	2.3618073179462973e-6
3060	2.324668227270496e-6
3063	2.287879936111005e-6
3066	2.2514410868574687e-6
3069	2.2153503218995317e-6
3072	2.1796062836268394e-6
3075	2.1442076144290375e-6
3078	2.10915295669577e-6
3081	2.0744409528166815e-6
3084	2.040070245181418e-6
3087	2.0060394761796235e-6
3090	1.972347288200944e-6
3093	1.938992323635024e-6
3096	1.9059732248715087e-6
3099	1.8732886343000426e-6
3102	1.8409371943102706e-6
3105	1.8089175472918382e-6
3108	1.7772283356343905e-6
3111	1.745868201727572e-6
3114	1.714835787961028e-6
3117	1.684129736724403e-6
3120	1.6537486904073425e-6
3123	1.623691291399491e-6
3126	1.5939561820904942e-6
3129	1.5645420048699964e-6
3132	1.5354474021276427e-6
3135	1.5066710162530782e-6
3138	1.4782114896359483e-6
3141	1.4500674646658967e-6
3144	1.42223758373257e-6
3147	1.3947204892256117e-6
3150	1.3675148235346679e-6
3153	1.3406192290493834e-6
3156	1.3140323481594026e-6
3159	1.2877528232543706e-6
3162	1.2617792967239328e-6
3165	1.236110410957734e-6
3168	1.2107448083454192e-6
3171	1.1856811312766327e-6
3174	1.1609180221410207e-6
3177	1.1364541233282276e-6
3180	1.1122880772278976e-6
3183	1.0884185262296773e-6
3186	1.0648441127232104e-6
3189	1.0415634790981424e-6
3192	1.018575267744118e-6
3195	9.958781210507824e-7
3198	9.734706814077804e-7
3201	9.513515912047568e-7
3204	9.295194928313574e-7
3207	9.079730286772264e-7
3210	8.86710841132009e-7
3213	8.657315725853502e-7
3216	8.450338654268951e-7
3219	8.246163620462881e-7
3222	8.044777048331751e-7
3225	7.846165361772e-7
3228	7.650314984680087e-7
3231	7.45721234095246e-7
3234	7.266843854485567e-7
3237	7.079195949175856e-7
3240	6.894255048919779e-7
3243	6.712007577613787e-7
3246	6.532439959154327e-7
3249	6.355538617437853e-7
3252	6.181289976360807e-7
3255	6.009680459819646e-7
3258	5.840696491710817e-7
3261	5.67432449593077e-7
3264	5.510550896375957e-7
3267	5.349362116942822e-7
3270	5.19074458152782e-7
3273	5.034684714027399e-7
3276	4.88116893833801e-7
3279	4.730183678356106e-7
3282	4.5817153579781254e-7
3285	4.435750401100527e-7
3288	4.292275231619759e-7
3291	4.15127627343227e-7
3294	4.0127399504345134e-7
3297	3.876652686522932e-7
3300	3.743000905593981e-7
3303	3.611771031544109e-7
3306	3.48294948826977e-7
3309	3.356522699667406e-7
3312	3.2324770896334686e-7
3315	3.11079908206441e-7
3318	2.991475100856679e-7
3321	2.874491569906729e-7
3324	2.759834913111004e-7
3327	2.6474915543659566e-7
3330	2.537447917568034e-7
3333	2.429690426613686e-7
3336	2.3242055053993697e-7
3339	2.2209795778215275e-7
3342	2.1199990677766116e-7
3345	2.0212503991610695e-7
3348	1.9247199958713558e-7
3351	1.8303942818039151e-7
3354	1.7382596808551978e-7
3357	1.64830261692166e-7
3360	1.5605095138997427e-7
3363	1.4748667956859e-7
3366	1.391360886176582e-7
3369	1.3099782092682382e-7
3372	1.2307051888573185e-7
3375	1.1535282488402723e-7
3378	1.0784338131135457e-7
3381	1.0054083055735964e-7
3384	9.34438150116868e-8
3387	8.655097706398124e-8
3390	7.986095910388796e-8
3393	7.33724035210517e-8
3396	6.708395270511785e-8
3399	6.09942490457308e-8
3402	5.5101934932536296e-8
3405	4.9405652755178564e-8
3408	4.3904044903302955e-8
3411	3.859575376655461e-8
3414	3.3479421734578157e-8
3417	2.8553691197018748e-8
3420	2.3817204543521358e-8
3423	1.9268604163730812e-8
3426	1.490653244729239e-8
3429	1.072963178385062e-8
3432	6.7365445630510685e-9
3435	2.9259131745381314e-9
3438	-7.03619992042924e-10
3441	-4.153412547046853e-9
3444	-7.424822100829355e-9
3447	-1.0519206263744789e-8
3450	-1.3437922646148694e-8
3453	-1.6182328858395713e-8
3456	-1.8753782510840998e-8
3459	-2.1153641213839807e-8
3462	-2.3383262577746694e-8
3465	-2.544400421291703e-8
3468	-2.7337223729705838e-8
3471	-2.9064278738467918e-8
3474	-3.062652684955851e-8
3477	-3.202532567333252e-8
3480	-3.3262032820145e-8
3483	-3.4338005900351035e-8
3486	-3.525460252430539e-8
3489	-3.6013180302363456e-8
3492	-3.661509684488015e-8
3495	-3.706170976221025e-8
3498	-3.73543766647091e-8
3501	-3.749445516273142e-8
3504	-3.7483302866632604e-8
3507	-3.7322277386767374e-8
3510	-3.701273633349077e-8
3513	-3.655603731715801e-8
3516	-3.595353794812387e-8
3519	-3.52065958367436e-8
3522	-3.431656859337217e-8
3525	-3.328481382836444e-8
3528	-3.211268915207564e-8
3531	-3.080155217486061e-8
3534	-2.935276050707454e-8
3537	-2.7767671759072373e-8
3540	-2.6047643541209092e-8
3543	-2.4194033463839833e-8
3546	-2.2208199137319486e-8
3549	-2.0091498172003213e-8
3552	-1.7845288178245935e-8
3555	-1.5470926766402683e-8
3558	-1.2969771546828532e-8
3561	-1.0343180129878444e-8
3564	-7.592510125907495e-9
3567	-4.719119145270683e-9
3570	-1.7243647983230281e-9
3573	-4.551444729839458e-9
3576	-1.4787060134403187e-8
3579	-2.4926435348423328e-8
3582	-3.496985900876682e-8
3585	-4.491761975230059e-8
3588	-5.477000621589159e-8
3591	-6.452730703640675e-8
3594	-7.418981085071303e-8
3597	-8.375780629567735e-8
3600	-9.323158200816666e-8
3603	-1.0261142662504787e-7
3606	-1.1189762878318796e-7
3609	-1.2109047711945387e-7
3612	-1.301902602707125e-7
3615	-1.391972668738308e-7
3618	-1.4811178556567574e-7
3621	-1.5693410498311422e-7
3624	-1.6566451376301324e-7
3627	-1.743033005422397e-7
3630	-1.8285075395766048e-7
3633	-1.913071626461426e-7
3636	-1.99672815244553e-7
3639	-2.079480003897586e-7
3642	-2.1613300671862632e-7
3645	-2.2422812286802312e-7
3648	-2.3223363747481588e-7
3651	-2.4014983917587166e-7
3654	-2.479770166080573e-7
3657	-2.5571545840823976e-7
3660	-2.6336545321328605e-7
3663	-2.70927289660063e-7
3666	-2.7840125638543764e-7
3669	-2.8578764202627686e-7
3672	-2.930867352194476e-7
3675	-3.0029882460181673e-7
3678	-3.0742419881025135e-7
3681	-3.144631464816184e-7
3684	-3.214159562527845e-7
3687	-3.282829167606171e-7
3690	-3.350643166419827e-7
3693	-3.417604445337484e-7
3696	-3.4837158907278124e-7
3699	-3.5489803889594795e-7
3702	-3.6134008264011557e-7
3705	-3.6769800894215127e-7
3708	-3.739721064389216e-7
3711	-3.801626637672937e-7
3714	-3.8626996956413445e-7
3717	-3.9229431246631085e-7
3720	-3.982359811106898e-7
3723	-4.040952641341383e-7
3726	-4.0987245017352317e-7
3729	-4.155678278657114e-7
3732	-4.2118168584757006e-7
3735	-4.267143127559658e-7
3738	-4.321659972277659e-7
3741	-4.375370278998371e-7
3744	-4.4282769340904624e-7
3747	-4.4803828239226053e-7
3750	-4.5316908348634677e-7
3753	-4.582203853281718e-7
3756	-4.631924765546027e-7
3759	-4.680856458025064e-7
3762	-4.7290018170874987e-7
3765	-4.776363729101999e-7
3768	-4.822945080437235e-7
3771	-4.868748757461877e-7
3774	-4.913777646544595e-7
3777	-4.958034634054055e-7
3780	-5.001522606358928e-7
3783	-5.044244449827885e-7
3786	-5.086203050829594e-7
3789	-5.127401295732724e-7
3792	-5.167842070905947e-7
3795	-5.20752826271793e-7
3798	-5.246462757537341e-7
3801	-5.284648441732853e-7
3804	-5.322088201673132e-7
3807	-5.35878492372685e-7
3810	-5.394741494262675e-7
3813	-5.429960799649276e-7
3816	-5.464445726255325e-7
3819	-5.49819916044949e-7
3822	-5.531223988600438e-7
3825	-5.56352309707684e-7
3828	-5.595099372247367e-7
3831	-5.625955700480687e-7
3834	-5.65609496814547e-7
3837	-5.685520061610384e-7
3840	-5.714233867244101e-7
3843	-5.742239271415286e-7
3846	-5.769539160492614e-7
3849	-5.79613642084475e-7
3852	-5.822033938840365e-7
3855	-5.847234600848128e-7
3858	-5.871741293236709e-7
3861	-5.895556902374778e-7
3864	-5.918684314631003e-7
3867	-5.941126416374052e-7
3870	-5.962886093972599e-7
3873	-5.98396623379531e-7
3876	-6.004369722210853e-7
3879	-6.024099445587903e-7
3882	-6.043158290295122e-7
3885	-6.061549142701185e-7
3888	-6.07927488917476e-7
3891	-6.096338416084516e-7
3894	-6.112742609799122e-7
3897	-6.128490356687248e-7
3900	-6.143584543117563e-7
3903	-6.158028055458738e-7
3906	-6.171823780079438e-7
3909	-6.184974603348337e-7
3912	-6.197483411634103e-7
3915	-6.209353091305406e-7
3918	-6.220586528730913e-7
3921	-6.231186610279296e-7
3924	-6.241156222319223e-7
3927	-6.250498251219363e-7
3930	-6.259215583348387e-7
3933	-6.267311105074965e-7
3936	-6.274787702767762e-7
3939	-6.281648262795451e-7
3942	-6.287895671526701e-7
3945	-6.29353281533018e-7
3948	-6.298562580574562e-7
3951	-6.302987853628511e-7
3954	-6.306811520860697e-7
3957	-6.310036468639794e-7
3960	-6.312665583334464e-7
3963	-6.314701751313382e-7
3966	-6.316147858945218e-7
3969	-6.317006792598638e-7
3972	-6.317281438642312e-7
3975	-6.316974683444909e-7
3978	-6.316089413375101e-7
3981	-6.314628514801555e-7
3984	-6.312594874092943e-7
3987	-6.30999137761793e-7
3990	-6.30682091174519e-7
3993	-6.303086362843389e-7
3996	-6.298790617281197e-7
3999	-6.293936561427287e-7
4002	-6.288527081650325e-7
4005	-6.282565064318979e-7
4008	-6.276053395801923e-7
4011	-6.268994962467822e-7
4014	-6.261392650685348e-7
4017	-6.253249346823169e-7
4020	-6.244567937249955e-7
4023	-6.235351308334374e-7
4026	-6.225602346445098e-7
4029	-6.215323937950797e-7
4032	-6.204518969220136e-7
4035	-6.193190326621788e-7
4038	-6.181340896524421e-7
4041	-6.168973565296704e-7
4044	-6.15609121930731e-7
4047	-6.142696744924901e-7
4050	-6.128793028518154e-7
4053	-6.114382956455736e-7
4056	-6.099469415106314e-7
4059	-6.084055290838557e-7
4062	-6.068143470021141e-7
4065	-6.051736839022727e-7
4068	-6.03483828421199e-7
4071	-6.017450691957598e-7
4074	-5.999576948628219e-7
4077	-5.981219940592525e-7
4080	-5.962382554219181e-7
4083	-5.943067675876861e-7
4086	-5.923278191934234e-7
4089	-5.903016988759966e-7
4092	-5.882286952722729e-7
4095	-5.861090970191191e-7
4098	-5.839431927534024e-7
4101	-5.817312711119893e-7
4104	-5.794736207317473e-7
4107	-5.771705302495428e-7
4110	-5.74822288302243e-7
4113	-5.724291835267149e-7
4116	-5.699915045598254e-7
4119	-5.675095400384414e-7
4122	-5.649835785994297e-7
4125	-5.624139088796574e-7
4128	-5.598008195159915e-7
4131	-5.571445991452987e-7
4134	-5.544455364044462e-7
4137	-5.517039199303008e-7
4140	-5.489200383597295e-7
4143	-5.460941803295992e-7
4146	-5.432266344767768e-7
4149	-5.403176894381293e-7
4152	-5.373676338505236e-7
4155	-5.343767563508268e-7
4158	-5.313453455759057e-7
4161	-5.282736901626271e-7
4164	-5.251620787478581e-7
4167	-5.220107999684657e-7
4170	-5.188201424613167e-7
4173	-5.155903948632783e-7
4176	-5.12321845811217e-7
4179	-5.09014783942e-7
4182	-5.056694978924942e-7
4185	-5.022862762995669e-7
4188	-4.988654078000843e-7
4191	-4.954071810309139e-7
4194	-4.919118846289225e-7
4197	-4.883798072309769e-7
4200	-4.848112374739443e-7
4203	-4.812064639946914e-7
4206	-4.775657754300852e-7
4209	-4.7388946041699285e-7
4212	-4.70177807592281e-7
4215	-4.664311055928167e-7
4218	-4.6264964305546685e-7
4221	-4.5883370861709854e-7
4224	-4.549835909145786e-7
4227	-4.510995785847738e-7
4230	-4.4718196026455134e-7
4233	-4.4323102459077815e-7
4236	-4.3924706020032096e-7
4239	-4.35230355730047e-7
4242	-4.3118119981682297e-7
4245	-4.2709988109751583e-7
4248	-4.229866882089927e-7
4251	-4.1884190978812027e-7
4254	-4.146658344717656e-7
4257	-4.1045875089679566e-7
4260	-4.062209477000775e-7
4263	-4.019527135184778e-7
4266	-3.9765433698886355e-7
4269	-3.9332610674810193e-7
4272	-3.889683114330596e-7
4275	-3.8458123968060364e-7
4278	-3.8016518012760094e-7
4281	-3.757204214109185e-7
4284	-3.712472521674232e-7
4287	-3.6674596103398194e-7
4290	-3.622168366474619e-7
4293	-3.576601676447297e-7
4296	-3.5307624266265236e-7
4299	-3.484653503380969e-7
4302	-3.438277793079303e-7
4305	-3.3916381820901947e-7
4308	-3.3447375567823126e-7
4311	-3.2975788035243267e-7
4314	-3.2501648086849054e-7
4317	-3.2024984586327204e-7
4320	-3.154582639736439e-7
4323	-3.106420238364731e-7
4326	-3.0580141408862664e-7
4329	-3.0093672336697154e-7
4332	-2.9604824030837444e-7
4335	-2.911362535497026e-7
4338	-2.862010517278228e-7
4341	-2.81242923479602e-7
4344	-2.7626215744190715e-7
4347	-2.7125904225160513e-7
4350	-2.6623386654556303e-7
4353	-2.611869189606476e-7
4356	-2.561184881337259e-7
4359	-2.510288627016649e-7
4362	-2.459183313013314e-7
4365	-2.4078718256959246e-7
4368	-2.3563570514331498e-7
4371	-2.304641876593659e-7
4374	-2.2527291875461215e-7
4377	-2.2006218706592073e-7
4380	-2.148322812301585e-7
4383	-2.0958348988419237e-7
4386	-2.043161016648894e-7
4389	-1.9903040520911644e-7
4392	-1.9372668915374049e-7
4395	-1.8840524213562843e-7
4398	-1.8306635279164722e-7
4401	-1.7771030975866378e-7
4404	-1.7233740167354513e-7
4407	-1.6694791717315814e-7
4410	-1.6154214489436973e-7
4413	-1.5612037347404689e-7
4416	-1.5068289154905653e-7
4419	-1.452299877562656e-7
4422	-1.3976195073254105e-7
4425	-1.3427906911474982e-7
4428	-1.2878163153975883e-7
4431	-1.2326992664443502e-7
4434	-1.1774424306564532e-7
4437	-1.1220486944025672e-7
4440	-1.066520944051361e-7
4443	-1.0108620659715043e-7
4446	-9.550749465316664e-8
4449	-8.991624721005168e-8
4452	-8.431275290467249e-8
4455	-7.869730037389601e-8
4458	-7.307017825458915e-8
4461	-6.743167518361888e-8
4464	-6.178207979785214e-8
4467	-5.612168073415585e-8
4470	-5.045076662939694e-8
4473	-4.47696261204424e-8
4476	-3.907854784415912e-8
4479	-3.337782043741406e-8
4482	-2.766773253707416e-8
4485	-2.1948572780006356e-8
4488	-1.6220629803077583e-8
4491	-1.0484192243154788e-8
4494	-4.739548737104907e-9
4497	0.
4500	0.
4503	0.
4506	0.
4509	0.
4512	0.
4515	0.
4518	0.
4521	0.
4524	0.
4527	0.
4530	0.
4533	0.
4536	0.
4539	0.
4542	0.
4545	0.
4548	0.
4551	0.
4554	0.
4557	0.
4560	0.
4563	0.
4566	0.
4569	0.
4572	0.
4575	0.
4578	0.
4581	0.
4584	0.
4587	0.
4590	0.
4593	0.
4596	0.
4599	0.
4602	0.
4605	0.
4608	0.
4611	0.
4614	0.
4617	0.
4620	0.
4623	0.
4626	0.
4629	0.
4632	0.
4635	0.
4638	0.
4641	0.
4644	0.
4647	0.
4650	0.
4653	0.
4656	0.
4659	0.
4662	0.
4665	0.
4668	0.
4671	0.
4674	0.
4677	0.
4680	0.
4683	0.
4686	0.
4689	0.
4692	0.
4695	0.
4698	0.
4701	0.
4704	0.
4707	0.
4710	0.
4713	0.
4716	0.
4719	0.
4722	0.
4725	0.
4728	0.
4731	0.
4734	0.
4737	0.
4740	0.
4743	0.
4746	0.
4749	0.
4752	0.
4755	0.
4758	0.
4761	0.
4764	0.
4767	0.
4770	0.
4773	0.
4776	0.
4779	0.
4782	0.
4785	0.
4788	0.
4791	0.
4794	0.
4797	0.
4800	0.
4803	0.
4806	0.
4809	0.
4812	0.
4815	0.
4818	0.
4821	0.
4824	0.
4827	0.
4830	0.
4833	0.
4836	0.
4839	0.
4842	0.
4845	0.
4848	0.
4851	0.
4854	0.
4857	0.
4860	0.
4863	0.
4866	0.
4869	0.
4872	0.
4875	0.
4878	0.
4881	0.
4884	0.
4887	0.
4890	0.
4893	0.
4896	0.
4899	0.
4902	0.
4905	0.
4908	0.
4911	0.
4914	0.
4917	0.
4920	0.
4923	0.
4926	0.
4929	0.
4932	0.
4935	0.
4938	0.
4941	0.
4944	0.
4947	0.
4950	0.
4953	0.
4956	0.
4959	0.
4962	0.
4965	0.
4968	0.
4971	0.
4974	0.
4977	0.
4980	0.
4983	0.
4986	0.
4989	0.
4992	0.
4995	0.
4998	0.
5001	0.
5004	0.
5007	0.
5010	0.
5013	0.
5016	0.
5019	0.
5022	0.
5025	0.
5028	0.
5031	0.
5034	0.
5037	0.
5040	0.
5043	0.
5046	0.
5049	0.
5052	0.
5055	0.
5058	0.
5061	0.
5064	0.
5067	0.
5070	0.
5073	0.
5076	0.
5079	0.
5082	0.
5085	0.
5088	0.
5091	0.
5094	0.
5097	0.
5100	0.
5103	0.
5106	0.
5109	0.
5112	0.
5115	0.
5118	0.
5121	0.
5124	0.
5127	0.
5130	0.
5133	0.
5136	0.
5139	0.
5142	0.
5145	0.
5148	0.
5151	0.
5154	0.
5157	0.
5160	0.
5163	0.
5166	0.
5169	0.
5172	0.
5175	0.
5178	0.
5181	0.
5184	0.
5187	0.
5190	0.
5193	0.
5196	0.
5199	0.
5202	0.
5205	0.
5208	0.
5211	0.
5214	0.
5217	0.
5220	0.
5223	0.
5226	0.
5229	0.
5232	0.
5235	0.
5238	0.
5241	0.
5244	0.
5247	0.
5250	0.
5253	0.
5256	0.
5259	0.
5262	0.
5265	0.
5268	0.
5271	0.
5274	0.
5277	0.
5280	0.
5283	0.
5286	0.
5289	0.
5292	0.
5295	0.
5298	0.
5301	0.
5304	0.
5307	0.
5310	0.
5313	0.
5316	0.
5319	0.
5322	0.
5325	0.
5328	0.
5331	0.
5334	0.
5337	0.
5340	0.
5343	0.
5346	0.
5349	0.
5352	0.
5355	0.
5358	0.
5361	0.
5364	0.
5367	0.
5370	0.
5373	0.
5376	0.
5379	0.
5382	0.
5385	0.
5388	0.
5391	0.
5394	0.
5397	0.
5400	0.
5403	0.
5406	0.
5409	0.
5412	0.
5415	0.
5418	0.
5421	0.
5424	0.
5427	0.
5430	0.
5433	0.
5436	0.
5439	0.
5442	0.
5445	0.
5448	0.
5451	0.
5454	0.
5457	0.
5460	0.
5463	0.
5466	0.
5469	0.
5472	0.
5475	0.
5478	0.
5481	0.
5484	0.
5487	0.
5490	0.
5493	0.
5496	0.
5499	0.
5502	0.
5505	0.
5508	0.
5511	0.
5514	0.
5517	0.
5520	0.
5523	0.
5526	0.
5529	0.
5532	0.
5535	0.
5538	0.
5541	0.
5544	0.
5547	0.
5550	0.
5553	0.
5556	0.
5559	0.
5562	0.
5565	0.
5568	0.
5571	0.
5574	0.
5577	0.
5580	0.
5583	0.
5586	0.
5589	0.
5592	0.
5595	0.
5598	0.
5601	0.
5604	0.
5607	0.
5610	0.
5613	0.
5616	0.
5619	0.
5622	0.
5625	0.
5628	0.
5631	0.
5634	0.
5637	0.
5640	0.
5643	0.
5646	0.
5649	0.
5652	0.
5655	0.
5658	0.
5661	0.
5664	0.
5667	0.
5670	0.
5673	0.
5676	0.
5679	0.
5682	0.
5685	0.
5688	0.
5691	0.
5694	0.
5697	0.
5700	0.
5703	0.
5706	0.
5709	0.
5712	0.
5715	0.
5718	0.
5721	0.
5724	0.
5727	0.
5730	0.
5733	0.
5736	0.
5739	0.
5742	0.
5745	0.
5748	0.
5751	0.
5754	0.
5757	0.
5760	0.
5763	0.
5766	0.
5769	0.
5772	0.
5775	0.
5778	0.
5781	0.
5784	0.
5787	0.
5790	0.
5793	0.
5796	0.
5799	0.
5802	0.
5805	0.
5808	0.
5811	0.
5814	0.
5817	0.
5820	0.
5823	0.
5826	0.
5829	0.
5832	0.
5835	0.
5838	0.
5841	0.
5844	0.
5847	0.
5850	0.
5853	0.
5856	0.
5859	0.
5862	0.
5865	0.
5868	0.
5871	0.
5874	0.
5877	0.
5880	0.
5883	0.
5886	0.
5889	0.
5892	0.
5895	0.
5898	0.
5901	0.
5904	0.
5907	0.
5910	0.
5913	0.
5916	0.
5919	0.
5922	0.
5925	0.
5928	0.
5931	0.
5934	0.
5937	0.
5940	0.
5943	0.
5946	0.
5949	0.
5952	0.
5955	0.
5958	0.
5961	0.
5964	0.
5967	0.
5970	0.
5973	0.
5976	0.
5979	0.
5982	0.
5985	0.
5988	0.
5991	0.
5994	0.
5997	0.