0	0.
3	0.00005048587574713754
6	0.000057235909940136596
9	0.00004248957209221747
12	0.000023371851747354274
15	0.000042113459224551955
18	0.00008907893611346534
21	0.00007771863710126624
24	0.00008136110960383116
27	0.00012271079160741896
30	0.00016523201499851997
33	0.00020077122303200086
36	0.00023535516863471014
39	0.00027034522329283107
42	0.0003044220090824759
45	0.00033711001852143114
48	0.0003656601025795566
51	0.00039285369696048626
54	0.0004194484491885101
57	0.00044691890524141756
60	0.00047998119357873316
63	0.000513346614013675
66	0.0005460504367606757
69	0.0005771279320341672
72	0.0006035383126794798
75	0.0006200819873650958
78	0.0006334856785276594
81	0.0006444609469457145
84	0.0006537193533978044
87	0.0006619724586624728
90	0.0006704285265620818
93	0.0006841087438203478
96	0.000698546326690379
99	0.0007137928451704933
102	0.0007298998692590079
105	0.0007469189689542405
108	0.0007649017142545085
111	0.0007838996751581296
114	0.0008055363128354444
117	0.0008312188066079178
120	0.0008578301375975379
123	0.0008850688563179449
126	0.0009126335132827783
129	0.0009402226590056783
132	0.0009675348440002848
135	0.0009942686187802377
138	0.001020122533859177
141	0.0010447951397507423
144	0.0010639195815352897
147	0.0010785551734519502
150	0.0010913601681486523
153	0.001102367987596141
156	0.0011116120537651621
159	0.001119125788626461
162	0.0011249426141507828
165	0.0011290959523088734
168	0.0011316192250714779
171	0.0011325458544093419
174	0.0011319092622932108
177	0.00112974287069383
180	0.0011251422015181878
183	0.0011171506314175104
186	0.001107753775347422
189	0.0010970743504275788
192	0.0010852350737776365
195	0.0010723586625172505
198	0.001058567833766077
201	0.0010439853046437721
204	0.0010287337922699916
207	0.001012936013764391
210	0.000996714686246626
213	0.0009801925268363531
216	0.0009634922526532278
219	0.0009467365808169061
222	0.0009300482284470436
225	0.0009135499126632963
228	0.0009036342926358632
231	0.0008950568097040013
234	0.0008869604233344052
237	0.0008793270187453479
240	0.0008721384811551024
243	0.0008653766957819415
246	0.0008590235478441383
249	0.0008530609225599659
252	0.0008474707051476971
255	0.000842234780825605
258	0.0008373350348119624
261	0.0008327533523250423
264	0.000828471618583118
267	0.000824471718804462
270	0.0008207355382073477
273	0.0008172449620100478
276	0.0008139818754308354
279	0.0008109281636879835
282	0.0008080657119997649
285	0.0008048490102887343
288	0.0008010783104339551
291	0.0007974407136695231
294	0.0007939334711050491
297	0.0007905538338501443
300	0.0007872990530144196
303	0.0007841663797074858
306	0.0007811530650389543
309	0.0007782563601184356
312	0.000775473516055541
315	0.0007728017839598815
318	0.000770238414941068
321	0.0007677806601087114
324	0.0007654257705724227
327	0.0007631709974418131
330	0.0007610135918264934
333	0.0007589508048360745
336	0.0007569798875801675
339	0.0007550980911683834
342	0.0007533026667103333
345	0.0007515908653156279
348	0.0007499599380938783
351	0.0007484071361546956
354	0.0007469297106076905
357	0.0007455249125624745
360	0.0007441153263308726
363	0.00074276775602571
366	0.0007414844608969343
369	0.0007402633164471646
372	0.0007391021981790197
375	0.0007379989815951189
378	0.0007369515421980807
381	0.0007359577554905244
384	0.0007350154969750686
387	0.0007341226421543323
390	0.0007332770665309347
393	0.0007324766456074944
396	0.0007317192548866304
399	0.0007310027698709617
402	0.0007303250660631071
405	0.0007296840189656857
408	0.0007290775040813164
411	0.000728503396912618
414	0.0007279595729622094
417	0.0007274439077327098
420	0.0007269542767267378
423	0.0007264885554469126
426	0.0007260446193958529
429	0.0007256203440761778
432	0.000725213604990506
435	0.0007248222776414567
438	0.0007244442375316486
441	0.0007240773601637009
444	0.0007237195210402322
447	0.0007233685956638616
450	0.0007229763086271768
453	0.000722237926055591
456	0.0007214970491211884
459	0.0007207535200263755
462	0.0007200071809735578
465	0.0007192578741651415
468	0.0007185054418035328
471	0.0007177497260911377
474	0.0007169905692303621
477	0.0007162278134236124
480	0.0007154613008732942
483	0.0007146908737818139
486	0.0007139163743515774
489	0.0007131376447849907
492	0.0007123545272844599
495	0.0007115668640523911
498	0.0007107744972911904
501	0.0007099772692032636
504	0.000709175021991017
507	0.0007083675978568566
510	0.0007075548390031883
513	0.0007067365876324183
516	0.0007059126859469526
519	0.0007050829761491974
522	0.0007042473004415583
525	0.000703405501026442
528	0.000702557420106254
531	0.0007017028998834006
534	0.0007008417825602877
537	0.0006999739103393216
540	0.0006990991254229081
543	0.0006982172700134534
546	0.0006973281863133635
549	0.0006964317165250443
552	0.0006955277028509022
555	0.000694615987493343
558	0.0006936964126547728
561	0.0006927688205375976
564	0.0006918330533442234
567	0.000690867824958545
570	0.0006898465122935802
573	0.0006888161107320757
576	0.0006877766783452574
579	0.0006867282732043511
582	0.0006856709533805828
585	0.0006846047769451784
588	0.000683529801969364
591	0.0006824460865243653
594	0.0006813536886814084
597	0.0006802526665117194
600	0.0006791430780865239
603	0.000678024981477048
606	0.0006768984347545176
609	0.0006757634959901588
612	0.0006746202232551974
615	0.0006734686746208593
618	0.0006723089081583706
621	0.0006711409819389571
624	0.0006699649540338448
627	0.0006687808825142596
630	0.0006675888254514275
633	0.0006663888409165744
636	0.0006651809869809263
639	0.0006639653217157091
642	0.0006627419031921487
645	0.000661510789481471
648	0.0006602720386549021
651	0.0006590257087836679
654	0.0006577718579389944
657	0.0006565105441921074
660	0.0006552418256142328
663	0.0006539657602765966
666	0.0006526824062504249
669	0.0006513918216069435
672	0.0006500940644173783
675	0.0006487891927529553
678	0.0006474772646849006
681	0.0006461583382844397
684	0.000644832471622799
687	0.0006434997227712043
690	0.0006421601498008814
693	0.0006408138107830564
696	0.0006394607637889553
699	0.0006381010668898038
702	0.000636734778156828
705	0.0006353619556612538
708	0.0006339826574743072
711	0.0006325969416672141
714	0.0006312040980448947
717	0.0006298040142063442
720	0.0006283976776053944
723	0.0006269851496977602
726	0.0006255664919391562
729	0.0006241417657852975
732	0.0006227110326918987
735	0.0006212743541146747
738	0.0006198317915093402
741	0.0006183834063316101
744	0.000616929260037199
747	0.000615469414081822
750	0.0006140039299211937
753	0.000612532869011029
756	0.0006110562928070426
759	0.0006095742627649494
762	0.0006080868403404641
765	0.0006065940869893016
768	0.0006050960641671767
771	0.000603592833329804
774	0.0006020844559328987
777	0.0006005709934321752
780	0.0005990525072833487
783	0.0005975290589421335
786	0.0005960007098642447
789	0.0005944675215053971
792	0.0005929295553213055
795	0.0005913868727676846
798	0.0005898395353002493
801	0.0005882876043747144
804	0.0005867311414467948
807	0.0005851702079722049
810	0.0005836048654066599
813	0.0005820351752058744
816	0.0005804611988255634
819	0.0005788829977214416
822	0.0005773006333492236
825	0.0005757141671646244
828	0.000574123660623359
831	0.0005725291751811417
834	0.0005709307722936879
837	0.0005693285134167118
840	0.0005677224600059286
843	0.000566112673517053
846	0.0005644992154057997
849	0.0005628821471278837
852	0.0005612615301390196
855	0.0005596374258949223
858	0.0005580098958513066
861	0.0005563790014638874
864	0.0005547448041883792
867	0.000553107365480497
870	0.0005514667467959556
873	0.0005498230095904699
876	0.0005481762153197546
879	0.0005465264254395244
882	0.0005448737014054942
885	0.0005432181046733788
888	0.0005415596966988931
891	0.0005398985389377518
894	0.0005382346928456695
897	0.0005365682198783614
900	0.0005348765523912573
903	0.000533180944426294
906	0.0005314827928239932
909	0.0005297821891083326
912	0.0005280792248032894
915	0.000526373991432841
918	0.0005246665805209649
921	0.0005229570835916382
924	0.0005212455921688386
927	0.0005195321977765436
930	0.0005178169919387301
933	0.0005161000661793759
936	0.0005143815120224583
939	0.0005126614209919548
942	0.0005109398846118425
945	0.0005092169944060991
948	0.0005074928418987017
951	0.000505767518613628
954	0.0005040411160748553
957	0.0005023137258063609
960	0.0005005854393321221
963	0.0004988563481761166
966	0.0004971265438623216
969	0.0004953961179147145
972	0.0004936651618572728
975	0.0004919337672139737
978	0.0004902020255087949
981	0.0004884700282657134
984	0.0004867378670087069
987	0.0004850056332617527
990	0.0004832734185488282
993	0.0004815413143939108
996	0.0004798094123209778
999	0.0004780778038540067
1002	0.000476346580516975
1005	0.0004746158338338598
1008	0.0004728856553286388
1011	0.0004711561365252892
1014	0.00046942736894778846
1017	0.00046769944412011397
1020	0.0004659724535662431
1023	0.0004642464888101533
1026	0.0004625216413758219
1029	0.00046079800278722634
1032	0.000459075664568344
1035	0.00045735471824315233
1038	0.00045563525533562864
1041	0.0004539173673697503
1044	0.0004522011458694948
1047	0.0004504866823588395
1050	0.0004487740683617618
1053	0.0004470633954022391
1056	0.00044535475500424876
1059	0.0004436482386917682
1062	0.00044194393798877485
1065	0.000440241944419246
1068	0.00043854234950715915
1071	0.0004368452447764916
1074	0.0004351507217512209
1077	0.00043345887195532425
1080	0.00043176978691277917
1083	0.00043008355814756305
1086	0.00042840027718365326
1089	0.00042672003554502716
1092	0.0004250429247556622
1095	0.0004233690363395358
1098	0.0004216984618206253
1101	0.000420031292722908
1104	0.0004183676205703615
1107	0.00041670753688696305
1110	0.0004150511331966901
1113	0.00041339850102352
1116	0.00041174973189143026
1119	0.00041010491732439814
1122	0.0004084641488464011
1125	0.00040682751798141656
1128	0.0004051951162534219
1131	0.0004036437101491378
1134	0.00040217023935742714
1137	0.0004007018865652109
1140	0.00039923862449374876
1143	0.00039778042586430034
1146	0.00039632726339812544
1149	0.0003948791098164838
1152	0.00039343593784063493
1155	0.0003919977201918387
1158	0.00039056442959135466
1161	0.0003891360387604426
1164	0.00038771252042036215
1167	0.00038629384729237305
1170	0.00038487999209773494
1173	0.0003834709275577075
1176	0.00038206662639355044
1179	0.0003806670613265235
1182	0.0003792722050778863
1185	0.0003778820303688986
1188	0.00037649650992081996
1191	0.00037511561645491026
1194	0.000373739322692429
1197	0.000372367601354636
1200	0.00037100042516279084
1203	0.00036963776683815333
1206	0.0003682795991019831
1209	0.00036692589467553986
1212	0.0003655766262800833
1215	0.00036423176663687303
1218	0.0003628912884671688
1221	0.00036155516449223033
1224	0.0003602233674333173
1227	0.0003588958700116894
1230	0.00035757264494860625
1233	0.0003562536649653276
1236	0.00035493890278311314
1239	0.0003536283311232225
1242	0.0003523219227069155
1245	0.00035101965025545175
1248	0.00034972148649009094
1251	0.00034842740413209265
1254	0.00034713737590271674
1257	0.00034585137452322287
1260	0.0003445693727148707
1263	0.00034329134319891993
1266	0.0003420172586966302
1269	0.0003407470919292612
1272	0.0003394808156180727
1275	0.00033821840248432434
1278	0.00033695982524927583
1281	0.00033570505663418687
1284	0.00033445406936031706
1287	0.0003332068361489262
1290	0.00033196332972127394
1293	0.00033072352279861993
1296	0.0003294873881022239
1299	0.0003282548983533456
1302	0.00032702602627324455
1305	0.0003258007445831806
1308	0.0003245790260044134
1311	0.00032336084325820254
1314	0.00032214616906580784
1317	0.00032093497614848896
1320	0.0003197272372275056
1323	0.0003185229250241173
1326	0.000317322012259584
1329	0.0003161244716551652
1332	0.0003149302759321207
1335	0.00031373939781171006
1338	0.0003125518100151931
1341	0.00031136748526382945
1344	0.00031018639627887885
1347	0.00030900851578160085
1350	0.0003078338164932553
1353	0.0003066622711351018
1356	0.0003054938524284001
1359	0.0003043285330944099
1362	0.0003031662858543908
1365	0.0003020070834296025
1368	0.00030085089854130475
1371	0.0002996977039107572
1374	0.00029854747225921955
1377	0.0002974001763079516
1380	0.0002962557887782128
1383	0.00029511428239126306
1386	0.000293975629868362
1389	0.0002928398039307692
1392	0.00029170677729974446
1395	0.0002905765226965475
1398	0.00028944901284243794
1401	0.0002883242204586755
1404	0.0002872021182665199
1407	0.00028608267898723076
1410	0.00028496587534206774
1413	0.0002838516800522907
1416	0.0002827400658391591
1419	0.00028163100542393286
1422	0.00028052221300720954
1425	0.0002793435665785807
1428	0.00027816711641624736
1431	0.0002769928725817025
1434	0.000275820845136439
1437	0.0002746510441419498
1440	0.0002734834796597279
1443	0.0002723181617512662
1446	0.00027115510047805765
1449	0.0002699943059015951
1452	0.0002688357880833716
1455	0.00026767955708488
1458	0.0002665256229676134
1461	0.00026537399579306444
1464	0.0002642246856227263
1467	0.00026307770251809195
1470	0.00026193305654065416
1473	0.0002607907577519059
1476	0.00025965081621334013
1479	0.0002585132419864498
1482	0.0002573780451327279
1485	0.0002562452357136673
1488	0.0002551148237907609
1491	0.00025398681942550167
1494	0.00025286123267938255
1497	0.0002517380736138965
1500	0.0002506173522905365
1503	0.0002494990787707953
1506	0.0002483832631161661
1509	0.00024726991538814164
1512	0.0002461590456482149
1515	0.0002450506639578788
1518	0.00024394478037862636
1521	0.00024284140497195047
1524	0.00024174054779934405
1527	0.00024064221892230005
1530	0.0002395464284023114
1533	0.000238453186300871
1536	0.0002373625026794719
1539	0.00023627438759960692
1542	0.00023518885112276905
1545	0.00023410590331045123
1548	0.00023302555422414638
1551	0.0002319478139253474
1554	0.00023087269247554733
1557	0.00022980019993623903
1560	0.00022873034636891544
1563	0.00022766314183506948
1566	0.00022659859639619412
1569	0.00022553672011378233
1572	0.00022447752304932697
1575	0.00022342101526432104
1578	0.0002223672068202574
1581	0.00022131610777862906
1584	0.00022026772820092893
1587	0.00021922207814864997
1590	0.00021817916768328505
1593	0.00021713900686632718
1596	0.00021610160575926928
1599	0.00021506697442360425
1602	0.00021403512292082508
1605	0.00021300606131242463
1608	0.00021197979965989592
1611	0.00021095634802473185
1614	0.00020993571646842535
1617	0.00020891791505246935
1620	0.0002079029538383568
1623	0.00020689084288758063
1626	0.00020588159226163382
1629	0.00020487521202200925
1632	0.00020387171223019984
1635	0.00020287110294769863
1638	0.00020187339423599843
1641	0.00020087859615659226
1644	0.00019988671877097303
1647	0.0001988977721406337
1650	0.00019791176632706712
1653	0.00019692871139176637
1656	0.00019594861739622425
1659	0.00019497149440193378
1662	0.00019399735247038787
1665	0.00019302620166307944
1668	0.00019205805204150145
1671	0.00019109291366714682
1674	0.00019013079660150852
1677	0.00018917171090607947
1680	0.00018821566664235258
1683	0.0001872626738718208
1686	0.00018631274265597708
1689	0.00018536588305631435
1692	0.00018442210513432554
1695	0.0001834814189515036
1698	0.00018254383456934144
1701	0.00018160936204933206
1704	0.00018067801145296833
1707	0.00017974979284174318
1710	0.00017882471627714958
1713	0.0001779027918206805
1716	0.00017698402953382882
1719	0.00017606843947808748
1722	0.00017515603171494942
1725	0.0001742468163059076
1728	0.00017334080331245496
1731	0.0001724380027960844
1734	0.0001715384248182889
1737	0.00017064207944056134
1740	0.0001697489767243947
1743	0.00016885912673128193
1746	0.0001679725395227159
1749	0.00016708922516018963
1752	0.000166209193705196
1755	0.00016533245521922795
1758	0.00016445901976377844
1761	0.0001635888974003404
1764	0.00016272209819040675
1767	0.00016185863219547042
1770	0.0001609985094770244
1773	0.00016014174009656157
1776	0.0001592883341155749
1779	0.00015843830159555732
1782	0.00015759165259800176
1785	0.0001567483971844011
1788	0.0001559085454162484
1791	0.0001550935941027357
1794	0.00015433063862423113
1797	0.00015357132228145537
1800	0.00015281563302328637
1803	0.00015206355879860206
1806	0.00015131508755628051
1809	0.00015057020724519964
1812	0.00014982890581423744
1815	0.00014909117121227183
1818	0.00014835699138818087
1821	0.00014762635429084253
1824	0.00014689924786913475
1827	0.00014617566007193547
1830	0.00014545557884812274
1833	0.0001447389921465745
1836	0.00014402588791616872
1839	0.0001433162541057834
1842	0.00014261007866429648
1845	0.00014190734954058594
1848	0.0001412080546835298
1851	0.000140512182042006
1854	0.0001398197195648925
1857	0.00013913065520106732
1860	0.0001384449768994084
1863	0.0001377626726087937
1866	0.00013708373027810128
1869	0.000136408137856209
1872	0.00013573588329199494
1875	0.00013506695453433703
1878	0.00013440133953211323
1881	0.0001337390262342015
1884	0.00013308000258947987
1887	0.0001324242565468263
1890	0.00013177177605511878
1893	0.0001311225490632352
1896	0.00013047656352005365
1899	0.00012983380737445203
1902	0.00012919426857530835
1905	0.00012855793507150057
1908	0.00012792479481190666
1911	0.00012729483574540462
1914	0.00012666804582087238
1917	0.00012604441298718795
1920	0.00012542392519322934
1923	0.00012480657038787445
1926	0.00012419233652000128
1929	0.00012358121153848787
1932	0.00012297318339221208
1935	0.000122368240030052
1938	0.00012176636940088552
1941	0.00012116755945359067
1944	0.00012057179813704538
1947	0.00011997907340012768
1950	0.0001193893731917155
1953	0.00011880268546068683
1956	0.00011821899815591967
1959	0.00011763829922629193
1962	0.00011706057662068164
1965	0.00011648581828796677
1968	0.00011591401217702529
1971	0.00011534514623673518
1974	0.00011477920841597439
1977	0.00011421618666362093
1980	0.00011365606892855275
1983	0.00011309884315964786
1986	0.00011254449730578417
1989	0.00011199301931583972
1992	0.00011144439713869245
1995	0.00011089861872322037
1998	0.00011035567201830141
2001	0.00010981554497281359
2004	0.00010927822553563484
2007	0.00010874370165564317
2010	0.00010821196128171654
2013	0.00010768299236273294
2016	0.00010715678284757031
2019	0.00010663332068510668
2022	0.00010611259382421997
2025	0.00010559459021378821
2028	0.00010507929780268933
2031	0.00010456670453980132
2034	0.00010405679837400218
2037	0.00010354956725416983
2040	0.0001030449991291823
2043	0.00010254308194791755
2046	0.00010204380365925354
2049	0.00010154715221206826
2052	0.00010105311555523966
2055	0.00010056168163764576
2058	0.00010007283840816451
2061	0.00009958657381567388
2064	0.00009910287580905186
2067	0.0000986217323371764
2070	0.00009814313134892551
2073	0.00009766706079317715
2076	0.00009719350861880928
2079	0.0000967224627746999
2082	0.00009625391120972698
2085	0.00009578784187276849
2088	0.00009532424271270239
2091	0.00009486310167840669
2094	0.00009440440671875934
2097	0.00009394814578263831
2100	0.00009349430681892161
2103	0.00009304287777648718
2106	0.00009259384660421302
2109	0.00009214720125097709
2112	0.00009170292966565736
2115	0.00009126101979713182
2118	0.00009082145959427845
2121	0.0000903842370059752
2124	0.00008994933998110006
2127	0.00008951675646853102
2130	0.00008908647441714605
2133	0.00008865848177582311
2136	0.00008823276649344018
2139	0.00008780931651887524
2142	0.00008738811980100626
2145	0.00008696916428871123
2148	0.00008655243793086809
2151	0.00008613792867635487
2154	0.00008572562447404951
2157	0.00008531551327282998
2160	0.00008490758302157427
2163	0.00008450182166916036
2166	0.00008409821716446621
2169	0.00008369675745636982
2172	0.00008329743049374914
2175	0.00008290022422548214
2178	0.00008250512660044682
2181	0.00008211212556752116
2184	0.0000817212090755831
2187	0.00008133236507351065
2190	0.00008094558151018177
2193	0.00008056084633447443
2196	0.00008017814749526661
2199	0.0000797974729414363
2202	0.00007941881062186144
2205	0.00007904214848542005
2208	0.00007866747448099009
2211	0.00007829477655744951
2214	0.00007792404266367631
2217	0.00007755526074854847
2220	0.00007718841876094395
2223	0.00007682350464974073
2226	0.0000764605063638168
2229	0.00007609941185205011
2232	0.00007574020906331864
2235	0.00007538288594650038
2238	0.0000750274304504733
2241	0.00007467383052411538
2244	0.00007432207411630459
2247	0.0000739721491759189
2250	0.0000736240436518363
2253	0.00007327774549293474
2256	0.0000729018605799592
2259	0.00007252024659126956
2262	0.00007214031460024245
2265	0.00007176206029600854
2268	0.00007138547936769846
2271	0.00007101056750444287
2274	0.00007063732039537246
2277	0.00007026573372961787
2280	0.00006989580319630978
2283	0.00006952752448457883
2286	0.00006916089328355571
2289	0.00006879590528237103
2292	0.00006843255617015551
2295	0.00006807084163603981
2298	0.00006771075736915453
2301	0.00006735229905863041
2304	0.00006699546239359807
2307	0.00006664024306318816
2310	0.00006628663675653137
2313	0.00006593463916275835
2316	0.00006558424597099977
2319	0.00006523545287038626
2322	0.00006488825555004852
2325	0.00006454264969911721
2328	0.00006419863100672296
2331	0.00006385619516199647
2334	0.00006351533785406838
2337	0.00006317605477206937
2340	0.00006283834160513007
2343	0.00006250219404238117
2346	0.00006216760777295332
2349	0.00006183457848597718
2352	0.00006150310187058343
2355	0.0000611731736159027
2358	0.00006084478941106569
2361	0.00006051794494520304
2364	0.00006019263590744541
2367	0.00005986885798692347
2370	0.00005954660687276787
2373	0.000059225878254109286
2376	0.00005890666782007838
2379	0.000058588971259805806
2382	0.00005827278426242222
2385	0.000057958102517058295
2388	0.0000576449217128447
2391	0.000057333237538912085
2394	0.00005702304568439111
2397	0.00005671434183841244
2400	0.000056407121690106746
2403	0.000056101380928604676
2406	0.000055797115243036896
2409	0.000055494320322534076
2412	0.000055192991856226874
2415	0.00005489312553324594
2418	0.000054594717042721964
2421	0.00005429776207378558
2424	0.00005400225631556746
2427	0.000053708195457198266
2430	0.00005341557518780866
2433	0.0000531243911965293
2436	0.000052834639172490864
2439	0.000052546314804824
2442	0.000052259413782659363
2445	0.00005197393179512763
2448	0.00005168986453135945
2451	0.000051407207680485504
2454	0.00005112595693163644
2457	0.00005084610797394291
2460	0.000050567656496535606
2463	0.00005029059818854516
2466	0.000050014928739102245
2469	0.00004974064383733753
2472	0.00004946773917238167
2475	0.00004919621043336533
2478	0.00004892605330941916
2481	0.00004865726348967384
2484	0.00004838983666326002
2487	0.00004812376851930837
2490	0.000047859054746949545
2493	0.00004759569103531421
2496	0.000047333673073533034
2499	0.000047072996550736666
2502	0.00004681365715605576
2505	0.000046555650578621015
2508	0.00004629897250756306
2511	0.00004604361863201256
2514	0.00004578958464110019
2517	0.000045536866223956604
2520	0.00004528545906971247
2523	0.00004503535886749845
2526	0.000044786561306445186
2529	0.00004453906207568337
2532	0.000044292856864343635
2535	0.000044047941361556665
2538	0.000043804311256453116
2541	0.00004356196223816364
2544	0.00004332088999581892
2547	0.0000430810902185496
2550	0.00004284255859548635
2553	0.00004260529081575982
2556	0.00004236928256850069
2559	0.000042134529542839605
2562	0.000041901027427907246
2565	0.000041668771912834265
2568	0.00004143775868675132
2571	0.00004120798343878907
2574	0.00004097944185807819
2577	0.000040752129633749324
2580	0.000040526042454933156
2583	0.000040301176010760335
2586	0.000040077525990361526
2589	0.000039855088082867386
2592	0.000039633857977408586
2595	0.00003941383136311578
2598	0.00003919500392911963
2601	0.0000389773713645508
2604	0.00003876092935853996
2607	0.000038545673600217764
2610	0.000038331599778714876
2613	0.00003811870358316196
2616	0.000037906980702689656
2619	0.00003769642682642866
2622	0.00003748703764350962
2625	0.0000372788088430632
2628	0.00003707173611422004
2631	0.000036865815146110835
2634	0.000036661041627866234
2637	0.000036457411248616894
2640	0.000036254919697493484
2643	0.00003605356266362665
2646	0.00003585333583614708
2649	0.00003565423490418542
2652	0.00003545625555687233
2655	0.000035259393483338485
2658	0.00003506364437271453
2661	0.00003486900391413114
2664	0.00003467546779671897
2667	0.00003448303170960868
2670	0.00003429169134193094
2673	0.00003410144238281642
2676	0.000033912280521395755
2679	0.00003372420144679963
2682	0.000033537200848158696
2685	0.000033351274414603616
2688	0.00003316641783526506
2691	0.00003298262679927369
2694	0.00003279989699576015
2697	0.00003261822411385512
2700	0.00003243760384268925
2703	0.000032258031871393215
2706	0.000032079503889097666
2709	0.000031902015584933274
2712	0.0000317255626480307
2715	0.000031550140767520586
2718	0.000031375745632533625
2721	0.00003120237293220046
2724	0.00003103001835565175
2727	0.00003085867759201817
2730	0.00003068834633043038
2733	0.00003051902026001903
2736	0.000030350695069914794
2739	0.00003018336644924833
2742	0.000030017030087150298
2745	0.00002985168167275136
2748	0.000029687316895182183
2751	0.00002952393144357343
2754	0.00002936152100705575
2757	0.00002920008127475982
2760	0.000029039607935816293
2763	0.000028880096679355834
2766	0.000028721543194509106
2769	0.000028563943170406766
2772	0.000028407292296179486
2775	0.000028251586260957916
2778	0.000028096820753872726
2781	0.000027942991464054575
2784	0.000027790094080634125
2787	0.00002763812429274204
2790	0.00002748707778950898
2793	0.000027336950260065606
2796	0.000027187737393542585
2799	0.000027039434879070573
2802	0.000026892038405780234
2805	0.00002674554366280223
2808	0.000026599946339267224
2811	0.00002645524212430588
2814	0.00002631142670704885
2817	0.00002616849577662681
2820	0.000026026445022170415
2823	0.000025885270132810323
2826	0.000025744966797677203
2829	0.000025605530705901716
2832	0.00002546695754661452
2835	0.00002532924300894628
2838	0.00002518756868694746
2841	0.000025035805098950032
2844	0.000024884856526770202
2847	0.00002473472064085463
2850	0.000024585395111649988
2853	0.00002443687760960293
2856	0.000024289165805160136
2859	0.000024142257368768265
2862	0.00002399614997087398
2865	0.000023850841281923953
2868	0.000023706328972364845
2871	0.000023562610712643324
2874	0.000023419684173206052
2877	0.000023277547024499704
2880	0.000023136196936970932
2883	0.000022995631581066413
2886	0.000022855848627232804
2889	0.000022716845745916782
2892	0.000022578620607565002
2895	0.00002244117088262414
2898	0.00002230449424154085
2901	0.000022168588354761803
2904	0.000022033450892733666
2907	0.000021899079525903103
2910	0.000021765471924716786
2913	0.000021632625759621368
2916	0.000021500538701063525
2919	0.000021369208419489923
2922	0.000021238632585347215
2925	0.000021108808869082084
2928	0.00002097973494114119
2931	0.00002085140847197119
2934	0.00002072382713201876
2937	0.000020596988591730563
2940	0.00002047089052155326
2943	0.00002034553059193352
2946	0.000020220906473318014
2949	0.0000200970158361534
2952	0.000019973856350886344
2955	0.000019851425687963524
2958	0.00001972972151783159
2961	0.00001960874151093721
2964	0.000019488483337727057
2967	0.00001936894466864779
2970	0.00001925012317414608
2973	0.000019132016524668592
2976	0.000019014622390661993
2979	0.000018897938442572938
2982	0.000018781962350848108
2985	0.000018666691785934158
2988	0.000018552124418277758
2991	0.000018438257918325574
2994	0.000018325089956524273
2997	0.000018212618203320516
3000	0.00001810084032916097
3003	0.000017989754004492303
3006	0.000017879356899761175
3009	0.000017769646685414266
3012	0.000017660621031898223
3015	0.000017552277609659728
3018	0.000017444614089145434
3021	0.000017337628140802014
3024	0.000017231317435076127
3027	0.00001712567964241445
3030	0.00001702071243326364
3033	0.000016916413478070364
3036	0.000016812780447281292
3039	0.000016709811011343086
3042	0.000016607502840702415
3045	0.000016505853605805935
3048	0.00001640486097710032
3051	0.00001630452262503224
3054	0.000016204836220048348
3057	0.000016105799432595323
3060	0.00001600740993311982
3063	0.00001590966539206851
3066	0.00001581256347988806
3069	0.000015716101867025133
3072	0.000015620278223926394
3075	0.00001552509022103851
3078	0.000015430535528808147
3081	0.000015336611817681973
3084	0.000015243316758106652
3087	0.000015150648020528845
3090	0.00001505860327539522
3093	0.000014967180193152452
3096	0.000014876376444247195
3099	0.00001478618969912612
3102	0.000014696617628235888
3105	0.000014607657902023173
3108	0.000014519308190934633
3111	0.00001443156616541694
3114	0.000014344429495916754
3117	0.000014257895852880743
3120	0.000014171962906755574
3123	0.000014086628327987911
3126	0.000014001889787024421
3129	0.000013917744954311768
3132	0.000013834191500296618
3135	0.000013751227095425641
3138	0.000013668849410145499
3141	0.000013587056114902857
3144	0.000013505844880144379
3147	0.000013425213376316737
3150	0.000013345159273866592
3153	0.000013265680243240611
3156	0.000013186773954885458
3159	0.000013108438079247801
3162	0.000013030670286774305
3165	0.000012953468247911637
3168	0.00001287682963310646
3171	0.000012800752112805442
3174	0.000012725233357455248
3177	0.000012650271037502543
3180	0.000012575862823393994
3183	0.000012502006385576265
3186	0.000012428699394496024
3189	0.000012355939520599936
3192	0.000012283724434334665
3195	0.000012212051806146877
3198	0.000012140919306483242
3201	0.00001207032460579042
3204	0.000012000265374515079
3207	0.000011930739283103885
3210	0.000011861744002003505
3213	0.000011793277201660601
3216	0.000011725336552521842
3219	0.000011657919725033893
3222	0.00001159102438964342
3225	0.000011524648216797086
3228	0.00001145878887694156
3231	0.000011393444040523508
3234	0.000011328611377989595
3237	0.000011264288559786482
3240	0.000011200473256360842
3243	0.000011137163138159335
3246	0.000011074355875628631
3249	0.000011012049139215394
3252	0.000010950240599366289
3255	0.000010888927926527983
3258	0.00001082810879114714
3261	0.000010767780863670427
3264	0.00001070794181454451
3267	0.000010648589314216054
3270	0.000010589721033131725
3273	0.00001053133464173819
3276	0.000010473427810482113
3279	0.000010415998209810157
3282	0.000010359043510168994
3285	0.000010302561382005285
3288	0.000010246549495765697
3291	0.000010191005521896899
3294	0.00001013592713084555
3297	0.000010081311993058322
3300	0.000010027157778981877
3303	9.973462159062882e-6
3306	9.920222803748002e-6
3309	9.867437383483904e-6
3312	9.815103568717254e-6
3315	9.763219029894715e-6
3318	9.711781437462956e-6
3321	9.66078846186864e-6
3324	9.610237773558436e-6
3327	9.560127042979005e-6
3330	9.510453940577018e-6
3333	9.461216136799133e-6
3336	9.412411302092025e-6
3339	9.364037106902355e-6
3342	9.31609122167679e-6
3345	9.268571316861992e-6
3348	9.221475062904632e-6
3351	9.174800130251374e-6
3354	9.128544189348882e-6
3357	9.082704910643824e-6
3360	9.037279964582863e-6
3363	8.992267021612666e-6
3366	8.9476637521799e-6
3369	8.903467826731231e-6
3372	8.859676915713321e-6
3375	8.816288689572839e-6
3378	8.773300818756451e-6
3381	8.73071097371082e-6
3384	8.688516824882614e-6
3387	8.646716042718498e-6
3390	8.605306297665138e-6
3393	8.5642852601692e-6
3396	8.523650600677347e-6
3399	8.48339998963625e-6
3402	8.443531097492568e-6
3405	8.404041594692972e-6
3408	8.364929151684127e-6
3411	8.326191438912697e-6
3414	8.287826126825349e-6
3417	8.24983088586875e-6
3420	8.21220338648956e-6
3423	8.174941299134452e-6
3426	8.138042294250087e-6
3429	8.10150404228313e-6
3432	8.065324213680252e-6
3435	8.029500478888117e-6
3438	7.994030508353385e-6
3441	7.95891197252273e-6
3444	7.92414254184281e-6
3447	7.889719886760295e-6
3450	7.855641677721853e-6
3453	7.821905585174144e-6
3456	7.788509279563837e-6
3459	7.755450431337599e-6
3462	7.722726710942094e-6
3465	7.690335788823985e-6
3468	7.658275335429944e-6
3471	7.626543021206631e-6
3474	7.595136516600714e-6
3477	7.56405349205886e-6
3480	7.533291618027732e-6
3483	7.502848564953997e-6
3486	7.472722003284323e-6
3489	7.442909603465371e-6
3492	7.41340903594381e-6
3495	7.384217971166305e-6
3498	7.355334079579522e-6
3501	7.326755031630126e-6
3504	7.298478497764783e-6
3507	7.27050214843016e-6
3510	7.242823654072921e-6
3513	7.215440685139732e-6
3516	7.188350912077259e-6
3519	7.161552005332168e-6
3522	7.135041635351124e-6
3525	7.108817472580793e-6
3528	7.082877187467842e-6
3531	7.057218450458934e-6
3534	7.031838932000737e-6
3537	7.006736302539917e-6
3540	6.981908232523139e-6
3543	6.957352392397067e-6
3546	6.933066452608369e-6
3549	6.9090480836037095e-6
3552	6.885294955829755e-6
3555	6.86180473973317e-6
3558	6.838575105760623e-6
3561	6.815603724358776e-6
3564	6.792888265974297e-6
3567	6.770426401053852e-6
3570	6.748215800044106e-6
3573	6.715816049533992e-6
3576	6.670439832629617e-6
3579	6.625270911645973e-6
3582	6.580308834905071e-6
3585	6.535553150728922e-6
3588	6.491003407439539e-6
3591	6.446659153358935e-6
3594	6.402519936809119e-6
3597	6.358585306112103e-6
3600	6.314854809589899e-6
3603	6.271327995564521e-6
3606	6.228004412357978e-6
3609	6.184883608292281e-6
3612	6.141965131689445e-6
3615	6.099248530871479e-6
3618	6.0567333541603955e-6
3621	6.014419149878207e-6
3624	5.972305466346922e-6
3627	5.930391851888556e-6
3630	5.888677854825119e-6
3633	5.8471630234786235e-6
3636	5.8058469061710796e-6
3639	5.7647290512245015e-6
3642	5.723809006960898e-6
3645	5.683086321702282e-6
3648	5.642560543770667e-6
3651	5.602231221488062e-6
3654	5.562097903176479e-6
3657	5.522160137157931e-6
3660	5.482417471754429e-6
3663	5.442869455287985e-6
3666	5.403515636080611e-6
3669	5.364355562454317e-6
3672	5.3253887827311165e-6
3675	5.28661484523302e-6
3678	5.248033298282041e-6
3681	5.2096436902001886e-6
3684	5.171445569309476e-6
3687	5.133438483931915e-6
3690	5.095621982389516e-6
3693	5.057995613004292e-6
3696	5.020558924098255e-6
3699	4.9833114639934155e-6
3702	4.9462527810117866e-6
3705	4.909382423475378e-6
3708	4.872699939706202e-6
3711	4.836204878026272e-6
3714	4.799896786757598e-6
3717	4.763775214222192e-6
3720	4.7278397087420656e-6
3723	4.692089818639231e-6
3726	4.6565250922357e-6
3729	4.621145077853483e-6
3732	4.585949323814592e-6
3735	4.550937378441041e-6
3738	4.516108790054838e-6
3741	4.481463106977998e-6
3744	4.4469998775325315e-6
3747	4.412718650040449e-6
3750	4.378618972823764e-6
3753	4.344700394204487e-6
3756	4.3109624625046295e-6
3759	4.277404726046205e-6
3762	4.244026733151222e-6
3765	4.210828032141696e-6
3768	4.177808171339636e-6
3771	4.144966699067054e-6
3774	4.112303163645963e-6
3777	4.079817113398372e-6
3780	4.047508096646297e-6
3783	4.015375661711745e-6
3786	3.983419356916732e-6
3789	3.951638730583266e-6
3792	3.920033331033362e-6
3795	3.888602706589028e-6
3798	3.857346405572278e-6
3801	3.826263976305125e-6
3804	3.795354967109577e-6
3807	3.764618926307649e-6
3810	3.7340554022213506e-6
3813	3.7036639431726943e-6
3816	3.6734440974836923e-6
3819	3.643395413476355e-6
3822	3.6135174394726953e-6
3825	3.583809723794724e-6
3828	3.554271814764454e-6
3831	3.524903260703896e-6
3834	3.495703609935061e-6
3837	3.466672410779963e-6
3840	3.4378092115606113e-6
3843	3.409113560599018e-6
3846	3.380585006217196e-6
3849	3.3522230967371565e-6
3852	3.324027380480911e-6
3855	3.295997405770471e-6
3858	3.2681327209278486e-6
3861	3.2404328742750544e-6
3864	3.2128974141341013e-6
3867	3.1855258888270008e-6
3870	3.1583178466757646e-6
3873	3.131272836002404e-6
3876	3.1043904051289312e-6
3879	3.077670102377357e-6
3882	3.0511114760696935e-6
3885	3.0247140745279527e-6
3888	2.9984774460741466e-6
3891	2.972401139030286e-6
3894	2.9464847017183834e-6
3897	2.9207276824604493e-6
3900	2.895129629578497e-6
3903	2.869690091394537e-6
3906	2.8444086162305807e-6
3909	2.819284752408641e-6
3912	2.7943180482507293e-6
3915	2.7695080520788574e-6
3918	2.744854312215035e-6
3921	2.720356376981276e-6
3924	2.6960137946995924e-6
3927	2.671826113691994e-6
3930	2.647792882280494e-6
3933	2.6239136487871028e-6
3936	2.600187961533833e-6
3939	2.5766153688426964e-6
3942	2.553195419035704e-6
3945	2.529927660434869e-6
3948	2.5068116413622007e-6
3951	2.483846910139712e-6
3954	2.461033015089415e-6
3957	2.438369504533321e-6
3960	2.4158559267934416e-6
3963	2.3934918301917884e-6
3966	2.3712767630503736e-6
3969	2.3492102736912087e-6
3972	2.3272919104363044e-6
3975	2.3055212216076737e-6
3978	2.283897755527328e-6
3981	2.2624210605172787e-6
3984	2.2410906848995372e-6
3987	2.2199061769961155e-6
3990	2.198867085129026e-6
3993	2.1779729576202795e-6
3996	2.157223342791888e-6
3999	2.1366177889658625e-6
4002	2.1161558444642156e-6
4005	2.0958370576089586e-6
4008	2.0756609767221043e-6
4011	2.0556271501256623e-6
4014	2.0357351261416455e-6
4017	2.0159844530920654e-6
4020	1.9963746792989334e-6
4023	1.976905353084262e-6
4026	1.9575760227700615e-6
4029	1.938386236678346e-6
4032	1.9193355431311244e-6
4035	1.9004234904504101e-6
4038	1.8816496269582142e-6
4041	1.8630135009765484e-6
4044	1.8445146608274247e-6
4047	1.8261526548328544e-6
4050	1.8079270313148498e-6
4053	1.7898373385954217e-6
4056	1.7718831249965822e-6
4059	1.7540639388403432e-6
4062	1.7363793284487161e-6
4065	1.718828842143713e-6
4068	1.7014120282473452e-6
4071	1.684128435081624e-6
4074	1.666977610968562e-6
4077	1.6499591042301702e-6
4080	1.6330724631884606e-6
4083	1.616317236165445e-6
4086	1.5996929714831344e-6
4089	1.5831992174635415e-6
4092	1.566835522428677e-6
4095	1.5506014347005534e-6
4098	1.534496502601182e-6
4101	1.5185202744525746e-6
4104	1.5026722985767427e-6
4107	1.4869521232956981e-6
4110	1.4713592969314526e-6
4113	1.4558933678060176e-6
4116	1.4405538842414048e-6
4119	1.4253403945596263e-6
4122	1.4102524470826936e-6
4125	1.3952895901326182e-6
4128	1.3804513720314117e-6
4131	1.3657373411010861e-6
4134	1.351147045663653e-6
4137	1.3366800340411241e-6
4140	1.3223358545555107e-6
4143	1.3081140555288254e-6
4146	1.2940141852830792e-6
4149	1.2800357921402837e-6
4152	1.2661784244224506e-6
4155	1.2524416304515921e-6
4158	1.2388249585497197e-6
4161	1.225327957038845e-6
4164	1.2119501742409789e-6
4167	1.1986911584781344e-6
4170	1.1855504580723224e-6
4173	1.172527621345555e-6
4176	1.1596221966198434e-6
4179	1.1468337322172e-6
4182	1.1341617764596356e-6
4185	1.1216058776691622e-6
4188	1.1091655841677921e-6
4191	1.096840444277536e-6
4194	1.0846300063204067e-6
4197	1.072533818618415e-6
4200	1.0605514294935728e-6
4203	1.048682387267892e-6
4206	1.036926240263384e-6
4209	1.0252825368020605e-6
4212	1.0137508252059336e-6
4215	1.0023306537970144e-6
4218	9.91021570897315e-7
4221	9.798231248288469e-7
4224	9.68734863913622e-7
4227	9.577563364736517e-7
4230	9.468870908309481e-7
4233	9.361266753075222e-7
4236	9.254746382253863e-7
4239	9.149305279065518e-7
4242	9.044938926730305e-7
4245	8.941642808468342e-7
4248	8.839412407499742e-7
4251	8.738243207044627e-7
4254	8.638130690323108e-7
4257	8.539070340555308e-7
4260	8.441057640961338e-7
4263	8.344088074761321e-7
4266	8.248157125175368e-7
4269	8.1532602754236e-7
4272	8.059393008726131e-7
4275	7.966550808303079e-7
4278	7.874729157374561e-7
4281	7.783923539160692e-7
4284	7.694129436881596e-7
4287	7.60534233375738e-7
4290	7.517557713008168e-7
4293	7.430771057854072e-7
4296	7.344977851515214e-7
4299	7.260173577211705e-7
4302	7.176353718163665e-7
4305	7.093513757591215e-7
4308	7.011649178714463e-7
4311	6.930755464753533e-7
4314	6.850828098928535e-7
4317	6.771862564459596e-7
4320	6.693854344566824e-7
4323	6.616798922470338e-7
4326	6.54069178139026e-7
4329	6.465528404546698e-7
4332	6.391304275159776e-7
4335	6.318014876449606e-7
4338	6.245655691636309e-7
4341	6.174222203940001e-7
4344	6.103709896580796e-7
4347	6.034114252778813e-7
4350	5.96543075575417e-7
4353	5.897654888726981e-7
4356	5.830782134917364e-7
4359	5.764807977545437e-7
4362	5.699727899831317e-7
4365	5.635537384995118e-7
4368	5.572231916256961e-7
4371	5.509806976836958e-7
4374	5.448258049955232e-7
4377	5.387580618831893e-7
4380	5.327770166687064e-7
4383	5.268822176740856e-7
4386	5.210732132213391e-7
4389	5.153495516324785e-7
4392	5.097107812295152e-7
4395	5.041564503344611e-7
4398	4.986861072693277e-7
4401	4.932993003561269e-7
4404	4.879955779168703e-7
4407	4.827744882735697e-7
4410	4.776355797482365e-7
4413	4.725784006628827e-7
4416	4.676024993395199e-7
4419	4.627074241001597e-7
4422	4.578927232668138e-7
4425	4.5315794516149395e-7
4428	4.485026381062117e-7
4431	4.4392635042297895e-7
4434	4.3942863043380725e-7
4437	4.350090264607083e-7
4440	4.306670868256937e-7
4443	4.2640235985077534e-7
4446	4.222143938579647e-7
4449	4.181027371692737e-7
4452	4.140669381067137e-7
4455	4.1010654499229674e-7
4458	4.062211061480343e-7
4461	4.0241016989593803e-7
4464	3.9867328455801976e-7
4467	3.9500999845629107e-7
4470	3.914198599127637e-7
4473	3.879024172494493e-7
4476	3.8445721878835957e-7
4479	3.8108381285150627e-7
4482	3.77781747760901e-7
4485	3.745505718385554e-7
4488	3.713898334064813e-7
4491	3.682990807866902e-7
4494	3.65277862301194e-7
4497	3.612253060437627e-7
4500	3.520845910644504e-7
4503	3.4300408181205723e-7
4506	3.339836401506087e-7
4509	3.250231279441302e-7
4512	3.161224070566472e-7
4515	3.0728133935218526e-7
4518	2.984997866947698e-7
4521	2.8977761094842634e-7
4524	2.8111467397718037e-7
4527	2.725108376450573e-7
4530	2.639659638160827e-7
4533	2.554799143542819e-7
4536	2.470525511236806e-7
4539	2.386837359883041e-7
4542	2.3037333081217783e-7
4545	2.2212119745932747e-7
4548	2.1392719779377835e-7
4551	2.0579119367955606e-7
4554	1.9771304698068593e-7
4557	1.8969261956119352e-7
4560	1.8172977328510435e-7
4563	1.7382437001644387e-7
4566	1.6597627161923753e-7
4569	1.5818533995751081e-7
4572	1.504514368952892e-7
4575	1.4277442429659823e-7
4578	1.351541640254633e-7
4581	1.2759051794590987e-7
4584	1.200833479219635e-7
4587	1.1263251581764963e-7
4590	1.0523788349699375e-7
4593	9.789931282402134e-8
4596	9.061666566275782e-8
4599	8.338980387722874e-8
4602	7.621858933145963e-8
4605	6.91028838894758e-8
4608	6.204254941530286e-8
4611	5.5037447772966175e-8
4614	4.808744082649139e-8
4617	4.119239043990387e-8
4620	3.4352158477229096e-8
4623	2.7566606802492542e-8
4626	2.083559727971975e-8
4629	1.4158991772936188e-8
4632	7.53665214616723e-9
4635	9.684402634384626e-10
4638	-5.54578201122469e-9
4641	-1.200615281379675e-8
4644	-1.8412810280252127e-8
4647	-2.4765892546565513e-8
4650	-3.106553774871132e-8
4653	-3.731188402266416e-8
4656	-4.350506950439837e-8
4659	-4.9645232329888714e-8
4662	-5.573251063510957e-8
4665	-6.17670425560355e-8
4668	-6.774896622864098e-8
4671	-7.367841978890054e-8
4674	-7.955554137278879e-8
4677	-8.538046911628015e-8
4680	-9.115334115534915e-8
4683	-9.687429562597042e-8
4686	-1.0254347066411837e-7
4689	-1.0816100440576756e-7
4692	-1.1372703498689254e-7
4695	-1.1924170054346775e-7
4698	-1.247051392114678e-7
4701	-1.3011748912686706e-7
4704	-1.3547888842564026e-7
4707	-1.4078947524376177e-7
4710	-1.460493877172062e-7
4713	-1.5125876398194812e-7
4716	-1.5641774217396186e-7
4719	-1.6152646042922218e-7
4722	-1.6658505688370338e-7
4725	-1.715936696733801e-7
4728	-1.7655243693422673e-7
4731	-1.8146149680221798e-7
4734	-1.863209874133282e-7
4737	-1.9113104690353214e-7
4740	-1.9589181340880417e-7
4743	-2.0060342506511888e-7
4746	-2.052660200084506e-7
4749	-2.0987973637477406e-7
4752	-2.144447123000638e-7
4755	-2.18961085920294e-7
4758	-2.2342899537143963e-7
4761	-2.2784857878947496e-7
4764	-2.3221997431037453e-7
4767	-2.36543320070113e-7
4770	-2.408187542046648e-7
4773	-2.4504641485000434e-7
4776	-2.492264401421063e-7
4779	-2.5335896821694526e-7
4782	-2.574441372104954e-7
4785	-2.614820852587316e-7
4788	-2.654729504976281e-7
4791	-2.6941687106315977e-7
4794	-2.733139850913009e-7
4797	-2.77164430718026e-7
4800	-2.8096834607930964e-7
4803	-2.8472586931112635e-7
4806	-2.884371385494508e-7
4809	-2.921022919302571e-7
4812	-2.9572146758952014e-7
4815	-2.992948036632142e-7
4818	-3.0282243828731406e-7
4821	-3.0630450959779407e-7
4824	-3.0974115573062884e-7
4827	-3.131325148217929e-7
4830	-3.164787250072607e-7
4833	-3.197799244230067e-7
4836	-3.230362512050054e-7
4839	-3.2624784348923163e-7
4842	-3.294148394116594e-7
4845	-3.3253737710826383e-7
4848	-3.356155947150191e-7
4851	-3.386496303678997e-7
4854	-3.4163962220288026e-7
4857	-3.445857083559353e-7
4860	-3.4748802696303933e-7
4863	-3.5034671616016674e-7
4866	-3.5316191408329227e-7
4869	-3.559337588683902e-7
4872	-3.5866238865143535e-7
4875	-3.6134794156840203e-7
4878	-3.639905557552648e-7
4881	-3.665903693479983e-7
4884	-3.691475204825768e-7
4887	-3.7166214729497503e-7
4890	-3.741343879211674e-7
4893	-3.765643804971286e-7
4896	-3.7895226315883275e-7
4899	-3.81298174042255e-7
4902	-3.8360225128336935e-7
4905	-3.8586463301815055e-7
4908	-3.8808545738257314e-7
4911	-3.902648625126115e-7
4914	-3.924029865442402e-7
4917	-3.9449996761343373e-7
4920	-3.965559438561667e-7
4923	-3.985710534084136e-7
4926	-4.0054543440614905e-7
4929	-4.0247922498534737e-7
4932	-4.0437256328198324e-7
4935	-4.0622558743203115e-7
4938	-4.0803843557146563e-7
4941	-4.098112458362611e-7
4944	-4.11544156362392e-7
4947	-4.132373052858332e-7
4950	-4.148908307425589e-7
4953	-4.165048708685438e-7
4956	-4.1807956379976247e-7
4959	-4.1961504767218923e-7
4962	-4.211114606217988e-7
4965	-4.225689407845655e-7
4968	-4.2398762629646406e-7
4971	-4.253676552934686e-7
4974	-4.267091659115543e-7
4977	-4.2801229628669497e-7
4980	-4.292771845548658e-7
4983	-4.3050396885204086e-7
4986	-4.316927873141949e-7
4989	-4.3284377807730224e-7
4992	-4.3395707927733753e-7
4995	-4.3503282905027537e-7
4998	-4.360711655320899e-7
5001	-4.3707222685875616e-7
5004	-4.3803615116624836e-7
5007	-4.3896307659054104e-7
5010	-4.3985314126760897e-7
5013	-4.407064833334264e-7
5016	-4.4152324092396794e-7
5019	-4.423035521752081e-7
5022	-4.4304755522312135e-7
5025	-4.4375538820368225e-7
5028	-4.444271892528653e-7
5031	-4.450630965066451e-7
5034	-4.456632481009962e-7
5037	-4.4622778217189305e-7
5040	-4.467568368553101e-7
5043	-4.472505502872221e-7
5046	-4.477090606036033e-7
5049	-4.481325059404284e-7
5052	-4.4852102443367177e-7
5055	-4.48874754219308e-7
5058	-4.491938334333117e-7
5061	-4.494784002116574e-7
5064	-4.4972859269031954e-7
5067	-4.499445490052725e-7
5070	-4.5012640729249113e-7
5073	-4.502743056879497e-7
5076	-4.503883823276228e-7
5079	-4.5046877534748493e-7
5082	-4.5051562288351067e-7
5085	-4.505290630716746e-7
5088	-4.5050923404795096e-7
5091	-4.504562739483147e-7
5094	-4.5037032090873985e-7
5097	-4.502515130652014e-7
5100	-4.500999885536736e-7
5103	-4.4991588551013094e-7
5106	-4.4969934207054816e-7
5109	-4.4945049637089957e-7
5112	-4.491694865471597e-7
5115	-4.488564507353034e-7
5118	-4.485115270713048e-7
5121	-4.4813485369113844e-7
5124	-4.4772656873077915e-7
5127	-4.4728681032620123e-7
5130	-4.4681571661337917e-7
5133	-4.463134257282875e-7
5136	-4.4578007580690097e-7
5139	-4.452158049851938e-7
5142	-4.4462075139914076e-7
5145	-4.4399505318471624e-7
5148	-4.433388484778946e-7
5151	-4.426522754146508e-7
5154	-4.4193547213095895e-7
5157	-4.411885767627937e-7
5160	-4.404117274461296e-7
5163	-4.3960506231694124e-7
5166	-4.3876871951120303e-7
5169	-4.379028371648895e-7
5172	-4.3700755341397537e-7
5175	-4.3608300639443484e-7
5178	-4.3512933424224255e-7
5181	-4.341466750933731e-7
5184	-4.33135167083801e-7
5187	-4.3209494834950067e-7
5190	-4.310261570264468e-7
5193	-4.2992893125061373e-7
5196	-4.2880340915797615e-7
5199	-4.2764972888450835e-7
5202	-4.2646802856618517e-7
5205	-4.2525844633898085e-7
5208	-4.2402112033887003e-7
5211	-4.2275618870182725e-7
5214	-4.2146378956382695e-7
5217	-4.201440610608438e-7
5220	-4.187971413288522e-7
5223	-4.174231685038267e-7
5226	-4.160222807217418e-7
5229	-4.1459461611857204e-7
5232	-4.13140312830292e-7
5235	-4.11659508992876e-7
5238	-4.1015234274229894e-7
5241	-4.08618952214535e-7
5244	-4.070594755455587e-7
5247	-4.0547405087134493e-7
5250	-4.0386281632786773e-7
5253	-4.022259100511018e-7
5256	-4.0056347017702186e-7
5259	-3.988756348416024e-7
5262	-3.9716254218081745e-7
5265	-3.9542433033064224e-7
5268	-3.936611374270508e-7
5271	-3.918731016060179e-7
5274	-3.90060361003518e-7
5277	-3.8822305375552536e-7
5280	-3.8636131799801497e-7
5283	-3.84475291866961e-7
5286	-3.8256511349833815e-7
5289	-3.806309210281208e-7
5292	-3.7867285259228367e-7
5295	-3.76691046326801e-7
5298	-3.7468564036764755e-7
5301	-3.726567728507979e-7
5304	-3.706045819122262e-7
5307	-3.685292056879074e-7
5310	-3.664307823138157e-7
5313	-3.643094499259258e-7
5316	-3.6216534666021213e-7
5319	-3.599986106526493e-7
5322	-3.5780938003921183e-7
5325	-3.555977929558741e-7
5328	-3.5336398753861083e-7
5331	-3.511081019233963e-7
5334	-3.4883027424620534e-7
5337	-3.4653064264301216e-7
5340	-3.442093452497916e-7
5343	-3.418665202025178e-7
5346	-3.395023056371657e-7
5349	-3.371168396897094e-7
5352	-3.347102604961238e-7
5355	-3.3228270619238324e-7
5358	-3.2983431491446213e-7
5361	-3.273652247983353e-7
5364	-3.2487557397997696e-7
5367	-3.2236550059536186e-7
5370	-3.1983514278046435e-7
5373	-3.17284638671259e-7
5376	-3.147141264037204e-7
5379	-3.1212374411382306e-7
5382	-3.0951362993754144e-7
5385	-3.068839220108501e-7
5388	-3.042347584697235e-7
5391	-3.0156627745013625e-7
5394	-2.9887861708806294e-7
5397	-2.961719155194779e-7
5400	-2.934463108803558e-7
5403	-2.9070194130667095e-7
5406	-2.8793894493439815e-7
5409	-2.8515745989951187e-7
5412	-2.823576243379863e-7
5415	-2.795395763857965e-7
5418	-2.767034541789165e-7
5421	-2.7384939585332117e-7
5424	-2.709775395449848e-7
5427	-2.680880233898821e-7
5430	-2.6518098552398747e-7
5433	-2.622565640832754e-7
5436	-2.593148972037206e-7
5439	-2.563561230212974e-7
5442	-2.533803796719803e-7
5445	-2.5038780529174397e-7
5448	-2.4737853801656286e-7
5451	-2.4435271598241157e-7
5454	-2.413104773252645e-7
5457	-2.3825196018109622e-7
5460	-2.3517730268588122e-7
5463	-2.320866429755941e-7
5466	-2.289801191862094e-7
5469	-2.258578694537015e-7
5472	-2.2272003191404496e-7
5475	-2.1956674470321448e-7
5478	-2.163981459571843e-7
5481	-2.132143738119292e-7
5484	-2.1001556640342354e-7
5487	-2.0680186186764187e-7
5490	-2.0357339834055881e-7
5493	-2.003303139581487e-7
5496	-1.970727468563863e-7
5499	-1.9380083517124586e-7
5502	-1.9051471703870211e-7
5505	-1.872145305947295e-7
5508	-1.8390041397530255e-7
5511	-1.8057250531639578e-7
5514	-1.7723094275398374e-7
5517	-1.738758644240409e-7
5520	-1.705074084625418e-7
5523	-1.67125713005461e-7
5526	-1.6373091618877292e-7
5529	-1.6032315614845225e-7
5532	-1.5690257102047333e-7
5535	-1.5346929894081086e-7
5538	-1.5002347804543927e-7
5541	-1.4656524647033303e-7
5544	-1.4309474235146675e-7
5547	-1.3961210382481485e-7
5550	-1.3611746902635194e-7
5553	-1.3261097609205256e-7
5556	-1.290927631578912e-7
5559	-1.2556296835984232e-7
5562	-1.220217298338805e-7
5565	-1.184691857159803e-7
5568	-1.1490547414211616e-7
5571	-1.1133073324826265e-7
5574	-1.0774510117039428e-7
5577	-1.0414871604448557e-7
5580	-1.0054171600651107e-7
5583	-9.692423919244525e-8
5586	-9.329642373826267e-8
5589	-8.965840777993782e-8
5592	-8.601032945344525e-8
5595	-8.235232689475947e-8
5598	-7.868453823985503e-8
5601	-7.500710162470639e-8
5604	-7.132015518528813e-8
5607	-6.762383705757474e-8
5610	-6.391828537754076e-8
5613	-6.020363828116069e-8
5616	-5.648003390440909e-8
5619	-5.274761038326044e-8
5622	-4.900650585368928e-8
5625	-4.525685845167013e-8
5628	-4.149880631317751e-8
5631	-3.773248757418594e-8
5634	-3.395804037066995e-8
5637	-3.0175602838604067e-8
5640	-2.638531311396279e-8
5643	-2.2587309332720654e-8
5646	-1.8781729630852185e-8
5649	-1.4968712144331897e-8
5652	-1.1148395009134319e-8
5655	-7.320916361233964e-9
5658	-3.4864143366053596e-9
5661	-3.5585029761618216e-11
5664	-4.1973993538985923e-10
5667	-8.016228338528587e-10
5670	-1.1812380148415632e-9
5673	-1.5585897680469191e-9
5676	-1.933682383159874e-9
5679	-2.3065201498713743e-9
5682	-2.6771073578723652e-9
5685	-3.0454482968537957e-9
5688	-3.411547256506611e-9
5691	-3.775408526521758e-9
5694	-4.137036396590185e-9
5697	-4.496435156402836e-9
5700	-4.85360909565066e-9
5703	-5.208562504024602e-9
5706	-5.561299671215609e-9
5709	-5.911824886914629e-9
5712	-6.260142440812607e-9
5715	-6.6062566226004905e-9
5718	-6.9501717219692275e-9
5721	-7.291892028609763e-9
5724	-7.631421832213045e-9
5727	-7.968765422470017e-9
5730	-8.303927089071627e-9
5733	-8.636911121708825e-9
5736	-8.967721810072555e-9
5739	-9.296363443853764e-9
5742	-9.622840312743399e-9
5745	-9.947156706432406e-9
5748	-1.0269316914611731e-8
5751	-1.0589325226972324e-8
5754	-1.0907185933205129e-8
5757	-1.1222903323001092e-8
5760	-1.1536481686051164e-8
5763	-1.1847925312046285e-8
5766	-1.2157238490677407e-8
5769	-1.2464425511635475e-8
5772	-1.2769490664611434e-8
5775	-1.3072438239296234e-8
5778	-1.337327252538082e-8
5781	-1.3671997812556138e-8
5784	-1.3968618390513135e-8
5787	-1.4263138548942758e-8
5790	-1.4555562577535956e-8
5793	-1.4845894765983674e-8
5796	-1.5134139403976856e-8
5799	-1.5420300781206448e-8
5802	-1.5704383187363403e-8
5805	-1.5986390912138666e-8
5808	-1.6266328245223182e-8
5811	-1.6544199476307898e-8
5814	-1.6820008895083754e-8
5817	-1.709376079124171e-8
5820	-1.73654594544727e-8
5823	-1.763510917446768e-8
5826	-1.7902714240917594e-8
5829	-1.8168278943513388e-8
5832	-1.8431807571946008e-8
5835	-1.86933044159064e-8
5838	-1.8952773765085512e-8
5841	-1.9210219909174294e-8
5844	-1.9465647137863685e-8
5847	-1.971905974084464e-8
5850	-1.9970462007808096e-8
5853	-2.021985822844501e-8
5856	-2.0467252692446322e-8
5859	-2.071264968950298e-8
5862	-2.0956053509305935e-8
5865	-2.1197468441546134e-8
5868	-2.143689877591451e-8
5871	-2.1674348802102023e-8
5874	-2.1909822809799617e-8
5877	-2.2143325088698242e-8
5880	-2.2374859928488835e-8
5883	-2.2604431618862352e-8
5886	-2.2832044449509734e-8
5889	-2.305770271012193e-8
5892	-2.328141069038989e-8
5895	-2.3503172680004556e-8
5898	-2.372299296865687e-8
5901	-2.3940875846037785e-8
5904	-2.415682560183825e-8
5907	-2.4370846525749215e-8
5910	-2.458294290746161e-8
5913	-2.4793119036666403e-8
5916	-2.5001379203054525e-8
5919	-2.5207727696316926e-8
5922	-2.5412168806144556e-8
5925	-2.561470682222836e-8
5928	-2.5815346034259284e-8
5931	-2.6014090731928273e-8
5934	-2.621094520492628e-8
5937	-2.6405913742944245e-8
5940	-2.6599000635673116e-8
5943	-2.6790210172803848e-8
5946	-2.6979546644027378e-8
5949	-2.7167014339034654e-8
5952	-2.7352617547516625e-8
5955	-2.7536360559164236e-8
5958	-2.7718247663668436e-8
5961	-2.7898283150720173e-8
5964	-2.807647131001039e-8
5967	-2.825281643123003e-8
5970	-2.842732280407005e-8
5973	-2.8599994718221387e-8
5976	-2.8770836463374996e-8
5979	-2.8939852329221817e-8
5982	-2.91070466054528e-8
5985	-2.927242358175889e-8
5988	-2.9435987547831035e-8
5991	-2.9597742793360184e-8
5994	-2.975769360803728e-8
5997	-2.9915844281553267e-8