0	0.
3	-0.000012802208501821452
6	-6.1304805917742944e-6
9	0.000013461784046629821
12	0.000040381815310799686
15	0.00006432134940732058
18	0.00008461837375894644
21	0.00011362736480576721
24	0.00014946522819221352
27	0.0001879595902480305
30	0.00021277858478787763
33	0.00022426650492820367
36	0.00023903180900415784
39	0.0002794706341357756
42	0.00032760945074224054
45	0.000378473911382126
48	0.00041627186309650503
51	0.0004515252348900697
54	0.0004851269326909736
57	0.0005184374390162056
60	0.000554931466190115
63	0.0005915583621322467
66	0.0006280876612481911
69	0.0006642888979435383
72	0.0006996690532479363
75	0.0007334620900495002
78	0.0007664102599710281
81	0.0007984950933644736
84	0.0008296981205817898
87	0.00086000087197493
90	0.0008894142171895666
93	0.000918174247895524
96	0.0009459566195907529
99	0.0009727038782408737
102	0.0009983585698115068
105	0.0010228632402682722
108	0.0010461604355767905
111	0.001068192701702682
114	0.0010880456564944473
117	0.0011049228254527347
120	0.0011204941342422459
123	0.0011348945800158693
126	0.0011482591599264924
129	0.0011607228711270035
132	0.0011724207107702903
135	0.0011834876760092405
138	0.0011940587639967424
141	0.0012042689718856836
144	0.0012168613379240371
147	0.0012310979013826246
150	0.0012452149496983878
153	0.0012591326531057104
156	0.0012727711818389764
159	0.0012860507061325697
162	0.0012988913962208738
165	0.0013112134223382725
168	0.0013229369547191501
171	0.00133398216359789
174	0.001344269219208876
177	0.0013537182917864922
180	0.0013608136078731086
183	0.0013639595585851548
186	0.0013660651605283437
189	0.0013671872965898885
192	0.0013673828496570028
195	0.0013667087026168997
198	0.001365221738356793
201	0.0013629788397638962
204	0.0013600368897254223
207	0.0013564527711285852
210	0.001352283366860598
213	0.0013475855598086743
216	0.0013424162328600278
219	0.0013368322689018713
222	0.0013308905508214186
225	0.0013246479615058834
228	0.0013202750572270782
231	0.001316019347217184
234	0.0013116074261952414
237	0.0013070487009092502
240	0.0013023525781072096
243	0.0012975284645371189
246	0.0012925857669469772
249	0.0012875338920847847
252	0.0012823822466985402
255	0.0012771402375362432
258	0.0012718172713458934
261	0.00126642275487549
264	0.001260966094873032
267	0.0012554566980865194
270	0.0012499039712639513
273	0.001244317321153327
276	0.0012387061545026464
279	0.0012330798780599082
282	0.0012274478985731122
285	0.0012222500381335326
288	0.0012176439372270894
291	0.0012130634650571782
294	0.0012085054880335575
297	0.001203966872565986
300	0.001199444485064222
303	0.001194935191938024
306	0.0011904358595971505
309	0.0011859433544513603
312	0.0011814545429104115
315	0.0011769662913840625
318	0.0011724754662820723
321	0.001167978934014199
324	0.0011634735609902013
327	0.0011589562136198374
330	0.0011544237583128662
333	0.0011498730614790456
336	0.0011453009895281347
339	0.001140704408869892
342	0.0011360801859140752
345	0.0011314251870704437
348	0.0011267362787487558
351	0.0011220103273587695
354	0.0011172441993102435
357	0.0011124347610129367
360	0.001106792145016434
363	0.0011010460696047925
366	0.0010952461699376913
369	0.0010893958914015688
372	0.0010834986793828642
375	0.0010775579792680152
378	0.001071577236443461
381	0.0010655598962956397
384	0.0010595094042109903
387	0.001053429205575951
390	0.0010473227457769604
393	0.0010411934702004573
396	0.0010350448242328798
399	0.0010288802532606668
402	0.0010227032026702567
405	0.0010165171178480883
408	0.0010103254441805997
411	0.0010041316270542298
414	0.0009979391118554168
417	0.0009917513439705998
420	0.000985571768786217
423	0.0009794038316887066
426	0.0009732509780645079
429	0.0009671166533000591
432	0.0009610043027817986
435	0.0009549173718961649
438	0.0009488593060295969
441	0.0009428335505685328
444	0.0009368435508994115
447	0.0009308927524086712
450	0.0009250889868689893
453	0.0009201201563613103
456	0.000915207727038272
459	0.0009103506959085141
462	0.0009055480599806759
465	0.0009007988162633967
468	0.0008961019617653159
471	0.000891456493495073
474	0.0008868614084613073
477	0.0008823157036726582
480	0.0008778183761377651
483	0.0008733684228652673
486	0.0008689648408638043
489	0.0008646066271420156
492	0.0008602927787085403
495	0.0008560222925720178
498	0.0008517941657410877
501	0.0008476073952243894
504	0.000843460978030562
507	0.0008393539111682451
510	0.000835285191646078
513	0.0008312538164727001
516	0.0008272587826567509
519	0.0008232990872068696
522	0.0008193737271316958
525	0.0008154816994398687
528	0.0008116220011400278
531	0.0008077936292408125
534	0.0008039955807508618
537	0.0008002268526788158
540	0.0007964864420333133
543	0.0007927733458229938
546	0.0007890865610564969
549	0.0007854250847424618
552	0.000781787913889528
555	0.0007781740455063348
558	0.0007745824766015215
561	0.0007710122041837276
564	0.0007674622252615926
567	0.0007638370523292548
570	0.0007600173312820104
573	0.0007562129251919374
576	0.000752423796419491
579	0.0007486499073251266
582	0.0007448912202692997
585	0.0007411476976124655
588	0.0007374193017150794
591	0.0007337059949375967
594	0.0007300077396404729
597	0.0007263244981841631
600	0.0007226562329291228
603	0.0007190029062358075
606	0.0007153644804646722
609	0.0007117409179761724
612	0.0007081321811307636
615	0.000704538232288901
618	0.0007009590338110399
621	0.0006973945480576359
624	0.000693844737389144
627	0.0006903095641660197
630	0.0006867889907487184
633	0.0006832829794976955
636	0.0006797914927734062
639	0.0006763144929363059
642	0.0006728519423468501
645	0.0006694038033654939
648	0.0006659700383526927
651	0.000662550609668902
654	0.000659145479674577
657	0.000655754610730173
660	0.0006523779651961455
663	0.0006490155054329499
666	0.0006456671938010413
669	0.0006423329926608755
672	0.0006390128643729072
675	0.0006357067712975923
678	0.0006324146757953858
681	0.0006291365402267433
684	0.00062587232695212
687	0.0006226219983319712
690	0.0006193855167267525
693	0.000616162844496919
696	0.000612953944002926
699	0.0006097587776052291
702	0.0006065773076642836
705	0.0006034094965405445
708	0.0006002553065944676
711	0.0005971147001865081
714	0.0005939748731006824
717	0.0005908329548948735
720	0.000587704351837454
723	0.0005845890825302315
726	0.0005814871655750132
729	0.0005783986195736067
732	0.0005753234631278188
735	0.0005722617148394575
738	0.0005692133933103298
741	0.000566178517142243
744	0.0005631571049370046
747	0.0005601491752964218
750	0.0005571547468223023
753	0.0005541738381164531
756	0.0005512064677806818
759	0.0005482526544167954
762	0.0005453124166266018
765	0.0005423857730119077
768	0.0005394727421745209
771	0.0005365733427162485
774	0.0005336875932388981
777	0.0005308155123442769
780	0.0005279571186341924
783	0.0005251124307104518
786	0.0005222814671748624
789	0.0005194642466292317
792	0.0005166607876753668
795	0.0005138711089150755
798	0.0005110952289501647
801	0.000508333166382442
804	0.0005055849398137148
807	0.0005028505678457902
810	0.0005001300690804757
813	0.0004974234621195788
816	0.0004947307655649065
819	0.0004920519980182665
822	0.0004893871780814659
825	0.00048673632435631225
828	0.00048409945544461273
831	0.0004814765899481747
834	0.0004788677464688057
837	0.000476272943608313
840	0.0004736921999685038
843	0.00047112553415118555
846	0.0004685729647581657
849	0.00046603451039125144
852	0.00046351018965225027
855	0.00046100002114296936
858	0.00045850402346521625
861	0.00045602221522079826
864	0.0004535546150115226
867	0.00045110124143919674
870	0.000448662113105628
873	0.00044623724861262375
876	0.0004438266665619913
879	0.000441430385555538
882	0.0004390484241950713
885	0.0004366808010823985
888	0.0004343275348193269
891	0.00043198864400766383
894	0.00042966414724921674
897	0.00042735406314579297
900	0.0004251610893579537
903	0.00042298908358060107
906	0.00042083200513552975
909	0.0004186897361904485
912	0.00041656215891306585
915	0.0004144491554710905
918	0.0004123506080322312
921	0.0004102663987641965
924	0.00040819640983469515
927	0.00040614052341143565
930	0.00040409862166212687
933	0.00040207058675447734
936	0.00040005630085619584
939	0.00039805564613499086
942	0.00039606850475857117
945	0.0003940947588946455
948	0.0003921342907109224
951	0.0003901869823751105
954	0.0003882527160549185
957	0.00038633137391805517
960	0.0003844228381322291
963	0.0003825269908651488
966	0.0003806437142845232
969	0.00037877289055806077
972	0.0003769144018534702
975	0.0003750681303384603
978	0.0003732339581807395
981	0.0003714117675480166
984	0.0003696014406080003
987	0.00036780285952839917
990	0.00036601590647692187
993	0.0003642404636212771
996	0.0003624764131291736
999	0.0003607236371683198
1002	0.00035898201790642465
1005	0.0003572514375111966
1008	0.00035553177815034437
1011	0.0003538229219915767
1014	0.00035212475120260207
1017	0.00035043714795112937
1020	0.00034875999440486707
1023	0.000347093172731524
1026	0.00034543656509880864
1029	0.0003437900536744298
1032	0.00034215352062609604
1035	0.0003405268481215161
1038	0.0003389099183283986
1041	0.00033730261341445225
1044	0.00033570481554738563
1047	0.00033411640689490744
1050	0.00033253726962472635
1053	0.00033096728590455106
1056	0.0003294063379020901
1059	0.0003278543077850523
1062	0.0003263110777211463
1065	0.0003247765298780805
1068	0.00032325054642356397
1071	0.0003217330095253051
1074	0.0003202238013510126
1077	0.0003187228040683951
1080	0.00031722989984516136
1083	0.00031574497084902006
1086	0.00031426789924767976
1089	0.00031279856720884915
1092	0.00031133685690023686
1095	0.0003098826504895516
1098	0.0003084358301445021
1101	0.00030699627803279684
1104	0.00030556387632214464
1107	0.00030413850718025414
1110	0.0003027200527748339
1113	0.0003013083952735927
1116	0.00029990341684423916
1119	0.00029850499965448186
1122	0.0002971130258720296
1125	0.000295727377664591
1128	0.00029434793719987465
1131	0.00029289305066162655
1134	0.00029136595187197005
1137	0.0002898440540929405
1140	0.000288327365826791
1143	0.0002868158955757746
1146	0.00028530965184214436
1149	0.0002838086431281533
1152	0.0002823128779360546
1155	0.0002808223647681012
1158	0.0002793371121265463
1161	0.0002778571285136428
1164	0.000276382422431644
1167	0.0002749130023828028
1170	0.0002734488768693722
1173	0.00027199005439360545
1176	0.00027053654345775556
1179	0.00026908835256407555
1182	0.0002676454902148185
1185	0.00026620796491223753
1188	0.00026477578515858563
1191	0.00026334895945611596
1194	0.0002619274963070815
1197	0.00026051140421373535
1200	0.00025910069167833056
1203	0.00025769536720312024
1206	0.0002562954392903575
1209	0.0002549009164422952
1212	0.0002535118071611867
1215	0.0002521281199492848
1218	0.00025074986330884274
1221	0.00024937704574211356
1224	0.0002480096757513502
1227	0.0002466477618388059
1230	0.0002452913125067337
1233	0.0002439403362573866
1236	0.00024259484159301766
1239	0.00024125483701588
1242	0.00023992033102822666
1245	0.00023859133213231074
1248	0.00023726784883038526
1251	0.0002359498896247033
1254	0.00023463746301751793
1257	0.00023333057751108227
1260	0.0002320292416076493
1263	0.00023073346380947217
1266	0.00022944325261880388
1269	0.00022815861653789754
1272	0.0002268795640690062
1275	0.00022560610371438294
1278	0.0002243382439762808
1281	0.0002230759933569529
1284	0.00022181936035865223
1287	0.00022056835348363194
1290	0.00021932298123414503
1293	0.00021808325211244463
1296	0.00021684917462078376
1299	0.0002156207572614155
1302	0.0002143980085365929
1305	0.00021318093694856907
1308	0.00021196955099959708
1311	0.00021076385919192994
1314	0.00020956387002782077
1317	0.0002083695920095226
1320	0.00020718103363928853
1323	0.0002059982034193716
1326	0.0002048211098520249
1329	0.0002036497614395015
1332	0.00020248416668405448
1335	0.00020132433408793683
1338	0.0002001702721534017
1341	0.00019902198938270214
1344	0.00019787949427809117
1347	0.00019674279534182194
1350	0.00019561190107614745
1353	0.00019448681998332078
1356	0.00019336756056559506
1359	0.00019225413132522326
1362	0.00019114654076445852
1365	0.00019004479738555385
1368	0.00018894890969076237
1371	0.0001878588861823371
1374	0.00018677473536253116
1377	0.0001856964657335976
1380	0.00018462408579778946
1383	0.00018355760405735984
1386	0.00018249702901456183
1389	0.0001814423691716484
1392	0.00018039363303087272
1395	0.00017935082909448778
1398	0.00017831396586474673
1401	0.00017728305184390257
1404	0.00017625809553420838
1407	0.00017523910543791723
1410	0.00017422609005728225
1413	0.00017321905789455643
1416	0.00017221801745199286
1419	0.0001712229772318446
1422	0.00017023641267885353
1425	0.00016933489554072083
1428	0.0001684397052689982
1431	0.00016755080957985715
1434	0.00016666817618946923
1437	0.0001657917728140059
1440	0.00016492156716963862
1443	0.000164057526972539
1446	0.00016319961993887838
1449	0.00016234781378482842
1452	0.00016150207622656055
1455	0.00016066237498024626
1458	0.0001598286777620571
1461	0.00015900095228816455
1464	0.00015817916627474006
1467	0.0001573632874379552
1470	0.00015655328349398147
1473	0.0001557491221589903
1476	0.0001549507711491533
1479	0.00015415819818064187
1482	0.00015337137096962754
1485	0.00015259025723228186
1488	0.00015181482468477629
1491	0.00015104504104328234
1494	0.0001502808740239715
1497	0.00014952229134301527
1500	0.0001487692607165852
1503	0.00014802174986085274
1506	0.00014727972649198942
1509	0.0001465431583261667
1512	0.00014581201307955615
1515	0.0001450862584683292
1518	0.00014436586220865737
1521	0.0001436507920167122
1524	0.00014294101560866518
1527	0.00014223650070068776
1530	0.00014153721500895152
1533	0.00014084312624962792
1536	0.00014015420213888842
1539	0.00013947041039290463
1542	0.00013879171872784791
1545	0.0001381180948598899
1548	0.000137449506505202
1551	0.00013678592137995578
1554	0.0001361273072003227
1557	0.00013547363168247425
1560	0.000134824862542582
1563	0.0001341809674968174
1566	0.00013354191426135197
1569	0.0001329076705523572
1572	0.00013227820408600458
1575	0.0001316534825784656
1578	0.0001310334737459118
1581	0.0001304181453045147
1584	0.00012980746497044573
1587	0.00012920140045987643
1590	0.00012859991948897833
1593	0.00012800298977392287
1596	0.00012741057903088162
1599	0.00012682265497602604
1602	0.00012623918532552765
1605	0.0001256601377955579
1608	0.00012508548010228837
1611	0.0001245151799618905
1614	0.00012394920509053585
1617	0.00012338752320439585
1620	0.00012283010201964207
1623	0.00012227690925244598
1626	0.00012172791261897905
1629	0.00012118307983541284
1632	0.00012064237861791882
1635	0.00012010577668266849
1638	0.00011957324174583337
1641	0.00011904474152358493
1644	0.0001185202437320947
1647	0.00011799971608753419
1650	0.00011748312630607488
1653	0.00011697044210388827
1656	0.00011646163119714588
1659	0.00011595666130201918
1662	0.00011545550013467971
1665	0.00011495811541129895
1668	0.0001144644748480484
1671	0.00011397454616109956
1674	0.00011348829706662395
1677	0.00011300569528079304
1680	0.00011252670851977837
1683	0.00011205130449975142
1686	0.00011157945093688371
1689	0.0001111111155473467
1692	0.00011064626604731195
1695	0.00011018487015295089
1698	0.00010972689558043509
1701	0.00010927231004593601
1704	0.00010882108126562516
1707	0.00010837317695567405
1710	0.00010792856483225418
1713	0.00010748721261153706
1716	0.00010704908800969418
1719	0.00010661415874289703
1722	0.00010618239252731714
1725	0.00010575375707912598
1728	0.00010532822011449506
1731	0.00010490574934959591
1734	0.0001044863125006
1737	0.00010406987728367884
1740	0.00010365641141500394
1743	0.0001032458826107468
1746	0.00010283825858707891
1749	0.00010243350706017178
1752	0.00010203159574619691
1755	0.0001016324923613258
1758	0.00010123616462172995
1761	0.00010084258024358088
1764	0.00010045170694305007
1767	0.00010006351243630902
1770	0.00009967796443952926
1773	0.00009929503066888226
1776	0.00009891467884053954
1779	0.00009853687667067259
1782	0.0000981615918754529
1785	0.00009778879217105201
1788	0.0000974184452736414
1791	0.00009702701290086219
1794	0.00009658483206466826
1797	0.00009614478258424211
1800	0.00009570685636643791
1803	0.0000952710453181098
1806	0.00009483734134611194
1809	0.00009440573635729846
1812	0.00009397622225852357
1815	0.00009354879095664135
1818	0.00009312343435850601
1821	0.00009270014437097166
1824	0.00009227891290089247
1827	0.0000918597318551226
1830	0.00009144259314051618
1833	0.00009102748866392738
1836	0.00009061441033221036
1839	0.00009020335005221923
1842	0.0000897942997308082
1845	0.00008938725127483138
1848	0.00008898219659114292
1851	0.00008857912758659699
1854	0.00008817803616804775
1857	0.00008777891424234932
1860	0.00008738175371635588
1863	0.00008698654649692159
1866	0.00008659328449090055
1869	0.00008620195960514698
1872	0.00008581256374651498
1875	0.00008542508882185874
1878	0.00008503952673803238
1881	0.00008465586940189006
1884	0.00008427410872028593
1887	0.00008389423660007416
1890	0.00008351624494810889
1893	0.00008314012567124426
1896	0.00008276587067633444
1899	0.00008239347187023358
1902	0.00008202292115979583
1905	0.00008165421045187533
1908	0.00008128733165332624
1911	0.00008092227667100271
1914	0.00008055903741175891
1917	0.00008019760578244896
1920	0.00007983797368992704
1923	0.00007948013304104729
1926	0.00007912407574266385
1929	0.0000787697937016309
1932	0.00007841727882480255
1935	0.00007806652301903301
1938	0.00007771751819117638
1941	0.00007737025624808684
1944	0.00007702472909661851
1947	0.00007668092864362558
1950	0.00007633884679596221
1953	0.00007599847546048251
1956	0.00007565980654404065
1959	0.00007532283195349078
1962	0.00007498754359568705
1965	0.00007465393337748362
1968	0.00007432199320573465
1971	0.00007399171498729427
1974	0.00007366309062901664
1977	0.00007333611203775591
1980	0.00007301077112036624
1983	0.00007268705978370178
1986	0.00007236496993461667
1989	0.00007204449347996509
1992	0.00007172562232660116
1995	0.00007140834838137905
1998	0.0000710926635511529
2001	0.00007077855974277687
2004	0.0000704660288631051
2007	0.00007015506281899177
2010	0.00006984565351729102
2013	0.00006953779286485698
2016	0.00006923147276854382
2019	0.00006892668513520569
2022	0.00006862342187169674
2025	0.00006832167488487113
2028	0.000068021436081583
2031	0.00006772269736868649
2034	0.0000674254506530358
2037	0.00006712968784148504
2040	0.00006683540084088837
2043	0.00006654258155809995
2046	0.00006625122189997393
2049	0.00006596131377336444
2052	0.00006567284908512566
2055	0.00006538581974211173
2058	0.00006510021765117681
2061	0.00006481603471917504
2064	0.00006453326285296058
2067	0.00006425189395938757
2070	0.00006397191994531018
2073	0.00006369333271758256
2076	0.00006341612418305885
2079	0.0000631402862485932
2082	0.00006286581082103977
2085	0.00006259268980725271
2088	0.00006232091511408618
2091	0.00006205047864839432
2094	0.00006178137231703129
2097	0.00006151358802685123
2100	0.00006124711768470831
2103	0.00006098195319745666
2106	0.00006071808647195045
2109	0.00006045550941504383
2112	0.000060194213933590935
2115	0.000059934191934445936
2118	0.00005967543532446298
2121	0.00005941793601049621
2124	0.000059161685899399796
2127	0.00005890667689802787
2130	0.0000586529009132346
2133	0.00005840034985187412
2136	0.0000581490156208006
2139	0.000057898890126868176
2142	0.000057649965276931015
2145	0.00005740223297784326
2148	0.000057155685136459066
2151	0.00005691031365963258
2154	0.00005666611045421796
2157	0.00005642306742706935
2160	0.00005618117648504091
2163	0.00005594042953498679
2166	0.000055700818483761146
2169	0.000055462335238218125
2172	0.000055224971705211864
2175	0.00005498871979159654
2178	0.0000547535714042263
2181	0.000054519518449955273
2184	0.00005428655283563764
2187	0.00005405466646812754
2190	0.000053823851254279126
2193	0.00005359409910094655
2196	0.00005336540191498396
2199	0.000053137751603245505
2202	0.000052911140072585355
2205	0.00005268555922985764
2208	0.00005246100098191653
2211	0.000052237457235616165
2214	0.0000520149198978107
2217	0.00005179338087535429
2220	0.00005157283207510108
2223	0.000051353265403905234
2226	0.00005113467276862089
2229	0.000050917046076102203
2232	0.00005070037723320333
2235	0.00005048465814677843
2238	0.00005026988072368163
2241	0.000050056036870767103
2244	0.000049843118494889
2247	0.000049631117502901465
2250	0.00004942002580165865
2253	0.00004920983529801471
2256	0.00004897231560970384
2259	0.00004872892499193553
2262	0.00004848633106091762
2265	0.000048244532684410966
2268	0.000048003528730176484
2271	0.000047763318065975017
2274	0.00004752389955956746
2277	0.0000472852720787147
2280	0.0000470474344911776
2283	0.00004681038566471704
2286	0.00004657412446709392
2289	0.0000463386497660691
2292	0.00004610396042940345
2295	0.000045870055324857874
2298	0.000045636933320193233
2301	0.000045404593283170415
2304	0.0000451730340815503
2307	0.00004494225458309377
2310	0.00004471225365556168
2313	0.00004448303016671494
2316	0.0000442545829843144
2319	0.000044026910976120976
2322	0.000043800013009895516
2325	0.000043573887953398904
2328	0.00004334853467439203
2331	0.00004312395204063576
2334	0.000042900138919890984
2337	0.000042677094179918575
2340	0.00004245481668847942
2343	0.00004223330531333439
2346	0.00004201255892224437
2349	0.000041792576382970224
2352	0.00004157335656327285
2355	0.00004135489833091312
2358	0.000041137200553651915
2361	0.000040920262099250094
2364	0.00004070408183546857
2367	0.000040488658630068205
2370	0.00004027399135080988
2373	0.00004006007886545446
2376	0.000039846920041762845
2379	0.000039634513747495914
2382	0.00003942285885041453
2385	0.000039211954218279575
2388	0.000039001798718851944
2391	0.0000387923912198925
2394	0.000038583730589162125
2397	0.000038375815694421693
2400	0.000038168645403432105
2403	0.00003796221858395422
2406	0.00003775653410374892
2409	0.00003755159083057709
2412	0.00003734738763219961
2415	0.00003714392337637734
2418	0.00003694119693087118
2421	0.00003673920716344201
2424	0.0000365379529418507
2427	0.00003633743313385811
2430	0.000036137646607225164
2433	0.00003593859222971272
2436	0.000035740268869081635
2439	0.00003554267539309282
2442	0.000035345810669507144
2445	0.00003514967356608547
2448	0.000034954262950588696
2451	0.0000347595776907777
2454	0.00003456561665441335
2457	0.00003437237870925653
2460	0.00003417986272306813
2463	0.00003398806756360901
2466	0.00003379699209864007
2469	0.00003360663519592216
2472	0.00003341699572321619
2475	0.00003322807254828302
2478	0.00003303986453888354
2481	0.00003285237056277862
2484	0.000032665589487729145
2487	0.000032479520181495994
2490	0.000032294161511840034
2493	0.00003210951234652217
2496	0.00003192557155330325
2499	0.00003174233799994418
2502	0.00003155981055420582
2505	0.000031377988083849056
2508	0.00003119686945663477
2511	0.00003101645354032384
2514	0.000030836739202677145
2517	0.00003065772531145556
2520	0.00003047941073441996
2523	0.00003030179433933124
2526	0.000030124874993950266
2529	0.00002994865156603792
2532	0.000029773122923355083
2535	0.000029598287933662634
2538	0.00002942414546472145
2541	0.000029250694384292412
2544	0.000029077933560136398
2547	0.000028905861860014287
2550	0.00002873447815168696
2553	0.00002856378130291529
2556	0.000028393770181460163
2559	0.000028224443655082455
2562	0.000028055800591543043
2565	0.000027887839858602812
2568	0.000027720560324022636
2571	0.000027553960855563397
2574	0.000027388040320985973
2577	0.00002722279758805124
2580	0.00002705823152452008
2583	0.000026894340998153373
2586	0.000026731124876712
2589	0.000026568582027956837
2592	0.00002640671131964876
2595	0.00002624551161954865
2598	0.000026084981795417385
2601	0.000025925120715015854
2604	0.000025765927246104925
2607	0.000025607400256445477
2610	0.000025449538613798398
2613	0.000025292341185924556
2616	0.00002513580684058484
2619	0.000024979934445540124
2622	0.000024824722868551287
2625	0.00002467017097737921
2628	0.00002451627763978477
2631	0.00002436304172352884
2634	0.000024210462096372316
2637	0.000024058537626076063
2640	0.000023907267180400966
2643	0.0000237566496271079
2646	0.000023606683833957742
2649	0.00002345736866871138
2652	0.000023308702999129688
2655	0.000023160685692973547
2658	0.00002301331561800383
2661	0.000022866591641981423
2664	0.0000227205126326672
2667	0.000022575077457822047
2670	0.000022430284985206837
2673	0.00002228613408258245
2676	0.000022142623617709764
2679	0.00002199975245834966
2682	0.00002185751947226302
2685	0.00002171592352721072
2688	0.000021574963490953637
2691	0.000021434638231252653
2694	0.000021294946615868644
2697	0.000021155887512562492
2700	0.000021017459789095078
2703	0.000020879662313227273
2706	0.000020742493952719966
2709	0.00002060595357533403
2712	0.000020470040048830347
2715	0.00002033475224096979
2718	0.000020200089019513247
2721	0.00002006604925222159
2724	0.000019932631806855702
2727	0.00001979983555117646
2730	0.000019667659352944747
2733	0.000019536102079921434
2736	0.00001940516259986741
2739	0.000019274839780543545
2742	0.00001914513248971072
2745	0.00001901603959512982
2748	0.00001888755996456172
2751	0.000018759692465767298
2754	0.000018632435966507436
2757	0.00001850578933454301
2760	0.0000183797514376349
2763	0.000018254321143543983
2766	0.000018129497320031147
2769	0.00001800527883485726
2772	0.000017881664555783206
2775	0.000017758653350569865
2778	0.000017636244086978113
2781	0.000017514435632768833
2784	0.000017393226855702898
2787	0.000017272616623541195
2790	0.0000171526038040446
2793	0.000017033187264973986
2796	0.000016914365874090242
2799	0.00001679613849915424
2802	0.00001667850400792686
2805	0.00001656146126816898
2808	0.00001644500914764149
2811	0.000016329146514105253
2814	0.00001621387223532116
2817	0.000016099185179050082
2820	0.000015985084213052903
2823	0.0000158715682050905
2826	0.000015758636022923754
2829	0.00001564628653431354
2832	0.000015534518607020745
2835	0.000015423331108806237
2838	0.000015313940265661325
2841	0.000015207893840198428
2844	0.000015102432203541594
2847	0.00001499755372242892
2850	0.00001489325676359849
2853	0.000014789539693788398
2856	0.00001468640087973673
2859	0.000014583838688181584
2862	0.000014481851485861041
2865	0.000014380437639513196
2868	0.000014279595515876137
2871	0.000014179323481687953
2874	0.000014079619903686736
2877	0.000013980483148610577
2880	0.000013881911583197561
2883	0.000013783903574185781
2886	0.000013686457488313331
2889	0.000013589571692318295
2892	0.000013493244552938765
2895	0.000013397474436912827
2898	0.000013302259710978579
2901	0.000013207598741874105
2904	0.000013113489896337497
2907	0.000013019931541106846
2910	0.000012926922042920239
2913	0.000012834459768515765
2916	0.00001274254308463152
2919	0.000012651170358005588
2922	0.000012560339955376063
2925	0.00001247005024348103
2928	0.000012380299589058585
2931	0.000012291086358846814
2934	0.000012202408919583807
2937	0.000012114265638007655
2940	0.000012026654880856447
2943	0.000011939575014868276
2946	0.000011853024406781227
2949	0.000011767001423333396
2952	0.000011681504431262865
2955	0.00001159653179730773
2958	0.000011512081888206081
2961	0.000011428153070696004
2964	0.000011344743711515591
2967	0.000011261852177402933
2970	0.00001117947683509612
2973	0.00001109761605133324
2976	0.000011016268192852384
2979	0.000010935431626391639
2982	0.000010855104718689102
2985	0.000010775285836482856
2988	0.000010695973346510994
2991	0.000010617165615511604
2994	0.000010538861010222778
2997	0.000010461057897382608
3000	0.000010383754643729178
3003	0.000010306949616000586
3006	0.00001023064118093491
3009	0.000010154827705270252
3012	0.000010079507555744695
3015	0.000010004679099096331
3018	9.930340702063251e-6
3021	9.856490731383543e-6
3024	9.7831275537953e-6
3027	9.710249536036608e-6
3030	9.637855044845555e-6
3033	9.565942446960237e-6
3036	9.494510109118743e-6
3039	9.42355639805916e-6
3042	9.35307968051958e-6
3045	9.28307832323809e-6
3048	9.213550692952781e-6
3051	9.14449515640175e-6
3054	9.075910080323075e-6
3057	9.007793831454856e-6
3060	8.940144776535176e-6
3063	8.872961282302129e-6
3066	8.806241715493804e-6
3069	8.739984442848289e-6
3072	8.674187831103675e-6
3075	8.608850246998055e-6
3078	8.543970057269513e-6
3081	8.479545628656148e-6
3084	8.415575327896038e-6
3087	8.35205752172728e-6
3090	8.288990576887966e-6
3093	8.226372860116182e-6
3096	8.164202738150019e-6
3099	8.102478577727567e-6
3102	8.041198745586914e-6
3105	7.980361608466154e-6
3108	7.919965533103373e-6
3111	7.860008886236664e-6
3114	7.800490034604115e-6
3117	7.741407344943815e-6
3120	7.682759183993857e-6
3123	7.624543918492329e-6
3126	7.56675991517732e-6
3129	7.509405540786923e-6
3132	7.452479162059225e-6
3135	7.395979145732317e-6
3138	7.339903858544288e-6
3141	7.2842516672332305e-6
3144	7.2290209385372324e-6
3147	7.1742100391943834e-6
3150	7.119817335942774e-6
3153	7.065841195520495e-6
3156	7.012279984665634e-6
3159	6.959132070116283e-6
3162	6.906395818610532e-6
3165	6.8540695968864695e-6
3168	6.802151771682187e-6
3171	6.750640709735773e-6
3174	6.699534777785319e-6
3177	6.6488323425689135e-6
3180	6.598531770824645e-6
3183	6.548631429290607e-6
3186	6.499129684704888e-6
3189	6.450024903805576e-6
3192	6.401315453330765e-6
3195	6.352999700018542e-6
3198	6.305076010606996e-6
3201	6.2575427518342194e-6
3204	6.210398290438301e-6
3207	6.163640993157329e-6
3210	6.1172692267293985e-6
3213	6.071281357892595e-6
3216	6.025675753385008e-6
3219	5.9804507799447314e-6
3222	5.93560480430985e-6
3225	5.891136193218458e-6
3228	5.8470433134086426e-6
3231	5.803324531618496e-6
3234	5.759978214586107e-6
3237	5.7170027290495655e-6
3240	5.6743964417469615e-6
3243	5.632157719416383e-6
3246	5.590284928795924e-6
3249	5.548776436623672e-6
3252	5.507630609637717e-6
3255	5.466845814576149e-6
3258	5.4264204181770566e-6
3261	5.386352787178533e-6
3264	5.346641288318664e-6
3267	5.307284288335544e-6
3270	5.26828015396726e-6
3273	5.229627251951902e-6
3276	5.1913239490275626e-6
3279	5.153368611932328e-6
3282	5.1157596074042904e-6
3285	5.0784953021815385e-6
3288	5.041574063002163e-6
3291	5.0049942566042545e-6
3294	4.9687542497259014e-6
3297	4.932852409105195e-6
3300	4.897287101480224e-6
3303	4.862056693589079e-6
3306	4.827159552169851e-6
3309	4.792594043960627e-6
3312	4.7583585356995e-6
3315	4.724451394124559e-6
3318	4.690870985973892e-6
3321	4.657615677985591e-6
3324	4.624683836897745e-6
3327	4.592073829448446e-6
3330	4.559784022375781e-6
3333	4.5278127824178414e-6
3336	4.496158476312716e-6
3339	4.464819470798498e-6
3342	4.433794132613273e-6
3345	4.403080828495134e-6
3348	4.372677925182169e-6
3351	4.342583789412469e-6
3354	4.312796787924123e-6
3357	4.283315287455223e-6
3360	4.254137654743857e-6
3363	4.225262256528116e-6
3366	4.1966874595460876e-6
3369	4.168411630535866e-6
3372	4.140433136235536e-6
3375	4.112750343383192e-6
3378	4.085361618716922e-6
3381	4.058265328974816e-6
3384	4.0314598408949634e-6
3387	4.004943521215455e-6
3390	3.97871473667438e-6
3393	3.95277185400983e-6
3396	3.927113239959893e-6
3399	3.90173726126266e-6
3402	3.876642284656219e-6
3405	3.851826676878663e-6
3408	3.82728880466808e-6
3411	3.8030270347625595e-6
3414	3.7790397339001933e-6
3417	3.7553252688190695e-6
3420	3.7318820062572794e-6
3423	3.7087083129529123e-6
3426	3.685802555644058e-6
3429	3.663163101068807e-6
3432	3.6407883159652474e-6
3435	3.6186765670714718e-6
3438	3.5968262211255686e-6
3441	3.5752356448656277e-6
3444	3.55390320502974e-6
3447	3.532827268355994e-6
3450	3.5120062015824808e-6
3453	3.4914383714472894e-6
3456	3.471122144688511e-6
3459	3.4510558880442345e-6
3462	3.4312379682525496e-6
3465	3.4116667520515474e-6
3468	3.3923406061793167e-6
3471	3.373257897373948e-6
3474	3.354416992373531e-6
3477	3.335816257916156e-6
3480	3.3174540607399127e-6
3483	3.29932876758289e-6
3486	3.28143874518318e-6
3489	3.263782360278871e-6
3492	3.2463579796080533e-6
3495	3.2291639699088172e-6
3498	3.212198697919252e-6
3501	3.195460530377448e-6
3504	3.178947834021495e-6
3507	3.162658975589483e-6
3510	3.146592321819502e-6
3513	3.130746239449642e-6
3516	3.1151190952179928e-6
3519	3.099709255862644e-6
3522	3.084515088121686e-6
3525	3.0695349587332086e-6
3528	3.054767234435302e-6
3531	3.040210281966055e-6
3534	3.0258624680635587e-6
3537	3.011722159465903e-6
3540	2.997787722911177e-6
3543	2.9840575251374717e-6
3546	2.970529932882876e-6
3549	2.9572033128854806e-6
3552	2.944076031883375e-6
3555	2.931146456614649e-6
3558	2.9184129538173933e-6
3561	2.9058738902296966e-6
3564	2.8935276325896503e-6
3567	2.881372547635343e-6
3570	2.8694070021048654e-6
3573	2.850730261220386e-6
3576	2.823499940999368e-6
3579	2.7964298187512077e-6
3582	2.769519502404697e-6
3585	2.7427685998886302e-6
3588	2.7161767191317995e-6
3591	2.689743468063e-6
3594	2.663468454611024e-6
3597	2.637351286704665e-6
3600	2.6113915722727167e-6
3603	2.5855889192439717e-6
3606	2.5599429355472246e-6
3609	2.5344532291112676e-6
3612	2.5091194078648944e-6
3615	2.4839410797368997e-6
3618	2.4589178526560743e-6
3621	2.4340493345512142e-6
3624	2.409335133351111e-6
3627	2.3847748569845584e-6
3630	2.3603681133803506e-6
3633	2.3361145104672804e-6
3636	2.3120136561741407e-6
3639	2.288065158429726e-6
3642	2.2642686251628286e-6
3645	2.2406236643022434e-6
3648	2.2171298837767614e-6
3651	2.1937868915151778e-6
3654	2.170594295446286e-6
3657	2.147551703498879e-6
3660	2.124658723601749e-6
3663	2.1019149636836906e-6
3666	2.079320031673498e-6
3669	2.0568735354999624e-6
3672	2.0345750830918793e-6
3675	2.0124242823780407e-6
3678	1.99042074128724e-6
3681	1.9685640677482717e-6
3684	1.9468538696899285e-6
3687	1.9252897550410034e-6
3690	1.9038713317302906e-6
3693	1.8825982076865824e-6
3696	1.8614699908386732e-6
3699	1.8404862891153559e-6
3702	1.819646710445424e-6
3705	1.7989508627576709e-6
3708	1.7783983539808896e-6
3711	1.7579887920438741e-6
3714	1.7377217848754176e-6
3717	1.717596940404313e-6
3720	1.6976138665593543e-6
3723	1.6777721712693345e-6
3726	1.658071462463047e-6
3729	1.6385113480692855e-6
3732	1.619091436016843e-6
3735	1.599811334234513e-6
3738	1.580670650651089e-6
3741	1.5616689931953642e-6
3744	1.5428059697961322e-6
3747	1.5240811883821862e-6
3750	1.5054942568823196e-6
3753	1.4870447832253256e-6
3756	1.468732375339998e-6
3759	1.4505566411551301e-6
3762	1.432517188599515e-6
3765	1.414613625601946e-6
3768	1.396845560091217e-6
3771	1.379212599996121e-6
3774	1.3617143532454514e-6
3777	1.3443504277680019e-6
3780	1.3271204314925654e-6
3783	1.3100239723479352e-6
3786	1.2930606582629052e-6
3789	1.2762300971662691e-6
3792	1.259531896986819e-6
3795	1.2429656656533492e-6
3798	1.2265310110946532e-6
3801	1.2102275412395237e-6
3804	1.1940548640167544e-6
3807	1.178012587355139e-6
3810	1.162100319183471e-6
3813	1.1463176674305424e-6
3816	1.1306642400251483e-6
3819	1.1151396448960812e-6
3822	1.0997434899721346e-6
3825	1.0844753831821016e-6
3828	1.0693349324547762e-6
3831	1.0543217457189512e-6
3834	1.0394354309034205e-6
3837	1.0246755959369773e-6
3840	1.0100418487484146e-6
3843	9.955337972665263e-7
3846	9.811510494201055e-7
3849	9.668932131379457e-7
3852	9.527598963488399e-7
3855	9.387507069815822e-7
3858	9.248652529649654e-7
3861	9.11103142227783e-7
3864	8.974639826988285e-7
3867	8.839473823068952e-7
3870	8.705529489807765e-7
3873	8.572802906492658e-7
3876	8.441290152411564e-7
3879	8.310987306852416e-7
3882	8.18189044910315e-7
3885	8.053995658451701e-7
3888	7.927299014185999e-7
3891	7.801796595593978e-7
3894	7.677484481963574e-7
3897	7.554358752582723e-7
3900	7.432415486739352e-7
3903	7.3116507637214e-7
3906	7.1920606628168e-7
3909	7.073641263313485e-7
3912	6.956388644499386e-7
3915	6.840298885662444e-7
3918	6.725368066090587e-7
3921	6.61159226507175e-7
3924	6.498967561893868e-7
3927	6.387490035844874e-7
3930	6.277155766212701e-7
3933	6.167960832285281e-7
3936	6.059901313350556e-7
3939	5.952973288696448e-7
3942	5.8471728376109e-7
3945	5.742496039381842e-7
3948	5.63893897329721e-7
3951	5.536497718644936e-7
3954	5.435168354712952e-7
3957	5.334946960789194e-7
3960	5.235829616161598e-7
3963	5.137812400118093e-7
3966	5.04089139194662e-7
3969	4.945062670935103e-7
3972	4.850322316371481e-7
3975	4.75666640754369e-7
3978	4.66409102373966e-7
3981	4.572592244247325e-7
3984	4.482166148354622e-7
3987	4.3928088153494807e-7
3990	4.304516324519838e-7
3993	4.2172847551536283e-7
3996	4.13111018653878e-7
3999	4.045988697963234e-7
4002	3.9619163687149193e-7
4005	3.8788892780817726e-7
4008	3.7969035053517244e-7
4011	3.71595512981271e-7
4014	3.6360402307526664e-7
4017	3.557154887459521e-7
4020	3.479295179221212e-7
4023	3.402457185325673e-7
4026	3.3266369850608364e-7
4029	3.2518306577146353e-7
4032	3.178034282575008e-7
4035	3.1052439389298846e-7
4038	3.0334557060671953e-7
4041	2.9626656632748817e-7
4044	2.892869889840875e-7
4047	2.8240644650531045e-7
4050	2.756245468199508e-7
4053	2.6894089785680215e-7
4056	2.623551075446572e-7
4059	2.5586678381230995e-7
4062	2.494755345885536e-7
4065	2.431809678021813e-7
4068	2.369826913819866e-7
4071	2.308803132567632e-7
4074	2.2487344135530408e-7
4077	2.1896168360640223e-7
4080	2.13144647938852e-7
4083	2.0742194228144633e-7
4086	2.0179317456297826e-7
4089	1.9625795271224157e-7
4092	1.908158846580296e-7
4095	1.8546657832913538e-7
4098	1.8020964165435264e-7
4101	1.7504468256247496e-7
4104	1.6997130898229515e-7
4107	1.64989128842607e-7
4110	1.6009775007220382e-7
4113	1.5529678059987902e-7
4116	1.5058582835442546e-7
4119	1.459645012646374e-7
4122	1.414324072593077e-7
4125	1.3698915426722967e-7
4128	1.326343502171968e-7
4131	1.283676030380027e-7
4134	1.2418852065844035e-7
4137	1.2009671100730339e-7
4140	1.1609178201338537e-7
4143	1.1217334160547904e-7
4146	1.083409977123784e-7
4149	1.0459435826287671e-7
4152	1.0093303118576715e-7
4155	9.735662440984297e-8
4158	9.386474586389813e-8
4161	9.045700347672557e-8
4164	8.713300517711855e-8
4167	8.389235889387072e-8
4170	8.073467255577559e-8
4173	7.765955409162613e-8
4176	7.466661143021584e-8
4179	7.175545250033841e-8
4182	6.892568523078694e-8
4185	6.617691755035477e-8
4188	6.350875738783559e-8
4191	6.092081267202248e-8
4194	5.841269133170857e-8
4197	5.5984001295688036e-8
4200	5.363435049275359e-8
4203	5.136334685169889e-8
4206	4.917059830131702e-8
4209	4.705571277040191e-8
4212	4.5018298187746284e-8
4215	4.305796248214392e-8
4218	4.117431358238828e-8
4221	3.936695941727255e-8
4224	3.763550791558993e-8
4227	3.597956700613434e-8
4230	3.4398744617698744e-8
4233	3.289264867907645e-8
4236	3.146088711906104e-8
4239	3.01030678664459e-8
4242	2.8818798850024304e-8
4245	2.7607687998589748e-8
4248	2.6469343240935594e-8
4251	2.540337250585501e-8
4254	2.440938372214159e-8
4257	2.348698481858883e-8
4260	2.2635783723989674e-8
4263	2.1855388367137925e-8
4266	2.1145406676826857e-8
4269	2.0505446581849848e-8
4272	1.993511601100007e-8
4275	1.9434022893071e-8
4278	1.900177515685634e-8
4281	1.8637980731148952e-8
4284	1.834224754474252e-8
4287	1.8114183526430515e-8
4290	1.795339660500602e-8
4293	1.785949470926262e-8
4296	1.7832085767993684e-8
4299	1.78707777099926e-8
4302	1.7975178464052464e-8
4305	1.814489595896711e-8
4308	1.8379538123529652e-8
4311	1.8678712886533454e-8
4314	1.9042028176771923e-8
4317	1.9469091923038577e-8
4320	1.9959512054126575e-8
4323	2.0512896498829435e-8
4326	2.1128853185940636e-8
4329	2.1806990044253218e-8
4332	2.2546915002560904e-8
4335	2.3348235989656954e-8
4338	2.4210560934334783e-8
4341	2.5133497765387468e-8
4344	2.611665441160888e-8
4347	2.7159638801792117e-8
4350	2.8262058864730503e-8
4353	2.9423522529217542e-8
4356	3.064363772404669e-8
4359	3.192201237801112e-8
4362	3.325825441990429e-8
4365	3.4651971778519674e-8
4368	3.610277238265055e-8
4371	3.761026416109031e-8
4374	3.9174055042632424e-8
4377	4.079375295607016e-8
4380	4.24689658301968e-8
4383	4.419930159380604e-8
4386	4.5984368175691046e-8
4389	4.7823773504645146e-8
4392	4.9717125509461795e-8
4395	5.166403211893447e-8
4398	5.3664101261856344e-8
4401	5.571694086702094e-8
4404	5.782215886322171e-8
4407	5.997936317925182e-8
4410	6.218816174390473e-8
4413	6.444816248597396e-8
4416	6.675897333425274e-8
4419	6.912020221753441e-8
4422	7.153145706461249e-8
4425	7.399234580428032e-8
4428	7.650247636533117e-8
4431	7.906145667655855e-8
4434	8.16688946667558e-8
4437	8.432439826471625e-8
4440	8.702757539923333e-8
4443	8.977803399910045e-8
4446	9.25753819931109e-8
4449	9.54192273100581e-8
4452	9.830917787873546e-8
4455	1.0124484162793636e-7
4458	1.0422582648645407e-7
4461	1.0725174038308215e-7
4464	1.1032219124661385e-7
4467	1.1343678700584255e-7
4470	1.1659513558956166e-7
4473	1.197968449265646e-7
4476	1.2304152294564467e-7
4479	1.263287775755953e-7
4482	1.2965821674520982e-7
4485	1.330294483832817e-7
4488	1.3644208041860424e-7
4491	1.3989572077997085e-7
4494	1.433899773961749e-7
4497	1.4586904403586273e-7
4500	1.4344206073334863e-7
4503	1.4104687020150404e-7
4506	1.3868338108758692e-7
4509	1.3635150203885464e-7
4512	1.340511417025652e-7
4515	1.3178220872597626e-7
4518	1.295446117563454e-7
4521	1.273382594409305e-7
4524	1.2516306042698902e-7
4527	1.2301892336177898e-7
4530	1.2090575689255787e-7
4533	1.1882346966658336e-7
4536	1.167719703311136e-7
4539	1.1475116753340565e-7
4542	1.1276096992071779e-7
4545	1.1080128614030743e-7
4548	1.0887202483943229e-7
4551	1.069730946653502e-7
4554	1.0510440426531867e-7
4557	1.0326586228659566e-7
4560	1.0145737737643879e-7
4563	9.967885818210577e-8
4566	9.793021335085436e-8
4569	9.621135152994202e-8
4572	9.452218136662675e-8
4575	9.286261150816602e-8
4578	9.123255060181792e-8
4581	8.963190729483982e-8
4584	8.806059023448958e-8
4587	8.65185080680248e-8
4590	8.500556944270321e-8
4593	8.352168300578268e-8
4596	8.206675740452079e-8
4599	8.064070128617528e-8
4602	7.924342329800401e-8
4605	7.787483208726435e-8
4608	7.653483630121426e-8
4611	7.522334458711124e-8
4614	7.394026559221336e-8
4617	7.268550796377802e-8
4620	7.145898034906292e-8
4623	7.026059139532606e-8
4626	6.909024974982514e-8
4629	6.794786405981743e-8
4632	6.683334297256112e-8
4635	6.57465951353135e-8
4638	6.468752919533262e-8
4641	6.365605379987622e-8
4644	6.265207759620168e-8
4647	6.167550923156696e-8
4650	6.072625735322979e-8
4653	5.980423060844779e-8
4656	5.8909337644478676e-8
4659	5.804148710858008e-8
4662	5.720058764800983e-8
4665	5.638654791002567e-8
4668	5.5599276541885194e-8
4671	5.4838682190846155e-8
4674	5.410467350416649e-8
4677	5.33971591291036e-8
4680	5.2716047712915324e-8
4683	5.2061247902859156e-8
4686	5.143266834619329e-8
4689	5.083021769017488e-8
4692	5.0253804582062114e-8
4695	4.9703337669112495e-8
4698	4.9178725598583634e-8
4701	4.8679877017733376e-8
4704	4.8206700573819446e-8
4707	4.7759104914099465e-8
4710	4.7336998685831276e-8
4713	4.694029053627237e-8
4716	4.656888911268072e-8
4719	4.6222703062313816e-8
4722	4.5901641032429614e-8
4725	4.560561167028551e-8
4728	4.5334523623139566e-8
4731	4.508828553824918e-8
4734	4.4866806062872296e-8
4737	4.466999384426642e-8
4740	4.4497757529689404e-8
4743	4.435000576639908e-8
4746	4.4226647201652836e-8
4749	4.412759048270852e-8
4752	4.405274425682397e-8
4755	4.400201717125669e-8
4758	4.397531787326475e-8
4761	4.3972555010105315e-8
4764	4.399363722903679e-8
4767	4.4038473177316225e-8
4770	4.410697150220157e-8
4773	4.419904085095068e-8
4776	4.4314589870821273e-8
4779	4.445352720907063e-8
4782	4.461576151295704e-8
4785	4.4801201429737785e-8
4788	4.500975560667094e-8
4791	4.524133269101399e-8
4794	4.549584133002457e-8
4797	4.577319017096051e-8
4800	4.6073287861079646e-8
4803	4.639604304763927e-8
4806	4.674136437789767e-8
4809	4.7109160499112126e-8
4812	4.749934005854058e-8
4815	4.791181170344067e-8
4818	4.834648408106999e-8
4821	4.880326583868628e-8
4824	4.9282065623547495e-8
4827	4.9782792082911135e-8
4830	5.0305353864035045e-8
4833	5.0849659614176605e-8
4836	5.14156179805939e-8
4839	5.200313761054453e-8
4842	5.261212715128624e-8
4845	5.3242495250076515e-8
4848	5.389415055417343e-8
4851	5.45670017108345e-8
4854	5.5260957367317324e-8
4857	5.5975926170879746e-8
4860	5.671181676877962e-8
4863	5.7468537808274326e-8
4866	5.824599793662182e-8
4869	5.9044105801079834e-8
4872	5.986277004890587e-8
4875	6.070189932735776e-8
4878	6.156140228369336e-8
4881	6.244118756517005e-8
4884	6.334116381904581e-8
4887	6.426123969257821e-8
4890	6.520132383302514e-8
4893	6.616132488764417e-8
4896	6.714115150369308e-8
4899	6.814071232842943e-8
4902	6.915991600911111e-8
4905	7.01986711929957e-8
4908	7.125688652734107e-8
4911	7.233447065940471e-8
4914	7.343133223644458e-8
4917	7.454737990571817e-8
4920	7.568252231448344e-8
4923	7.683666810999791e-8
4926	7.80097259395193e-8
4929	7.920160445030532e-8
4932	8.041221228961371e-8
4935	8.164145810470222e-8
4938	8.288925054282866e-8
4941	8.415549825125044e-8
4944	8.544010987722552e-8
4947	8.674299406801148e-8
4950	8.80640594708662e-8
4953	8.940321473304717e-8
4956	9.076036850181236e-8
4959	9.213542942441924e-8
4962	9.352830614812556e-8
4965	9.493890732018916e-8
4968	9.636714158786765e-8
4971	9.781291759841877e-8
4974	9.927614399910036e-8
4977	1.0075672943716979e-7
4980	1.0225458255988516e-7
4983	1.0376961201450395e-7
4986	1.0530172644828389e-7
4989	1.0685083450848283e-7
4992	1.0841684484235827e-7
4995	1.0999966609716816e-7
4998	1.1159920692017002e-7
5001	1.1321537595862167e-7
5004	1.1484808185978074e-7
5007	1.1649723327090496e-7
5010	1.1816273883925217e-7
5013	1.1984450721207986e-7
5016	1.2154244703664587e-7
5019	1.2325646696020785e-7
5022	1.2498647563002372e-7
5025	1.267323816933509e-7
5028	1.284940937974473e-7
5031	1.3027152058957058e-7
5034	1.3206457071697844e-7
5037	1.338731528269285e-7
5040	1.3569717556667865e-7
5043	1.3753654758348655e-7
5046	1.3939117752460974e-7
5049	1.4126097403730616e-7
5052	1.4314584576883354e-7
5055	1.4504570136644928e-7
5058	1.4696044947741133e-7
5061	1.4888999874897745e-7
5064	1.508342578284053e-7
5067	1.5279313536295242e-7
5070	1.5476653999987668e-7
5073	1.567543803864359e-7
5076	1.5875656516988755e-7
5079	1.607730029974895e-7
5082	1.6280360251649938e-7
5085	1.648482723741749e-7
5088	1.669069212177739e-7
5091	1.6897945769455403e-7
5094	1.7106579045177284e-7
5097	1.7316582813668824e-7
5100	1.7527947939655804e-7
5103	1.774066528786395e-7
5106	1.7954725723019083e-7
5109	1.8170120109846941e-7
5112	1.8386839313073322e-7
5115	1.860487419742397e-7
5118	1.8824215627624676e-7
5121	1.9044854468401195e-7
5124	1.9266781584479308e-7
5127	1.948998784058479e-7
5130	1.971446410144341e-7
5133	1.994020123178094e-7
5136	2.0167190096323138e-7
5139	2.039542155979579e-7
5142	2.0624886486924662e-7
5145	2.0855575742435517e-7
5148	2.1087480191054145e-7
5151	2.1320590697506302e-7
5154	2.1554898126517767e-7
5157	2.179039334281431e-7
5160	2.2027067211121696e-7
5163	2.2264910596165695e-7
5166	2.250391436267209e-7
5169	2.2744069375366655e-7
5172	2.2985366498975134e-7
5175	2.3227796598223327e-7
5178	2.3471350537836993e-7
5181	2.3716019182541904e-7
5184	2.396179339706383e-7
5187	2.4208664046128547e-7
5190	2.445662199446182e-7
5193	2.470565810678942e-7
5196	2.4955763247837134e-7
5199	2.5206928282330713e-7
5202	2.5459144074995925e-7
5205	2.5712401490558565e-7
5208	2.5966691393744383e-7
5211	2.622200464927917e-7
5214	2.6478332121888676e-7
5217	2.6735664676298683e-7
5220	2.6993993177234964e-7
5223	2.7253308489423284e-7
5226	2.7513601477589426e-7
5229	2.7774863006459136e-7
5232	2.8037083940758213e-7
5235	2.8300255145212413e-7
5238	2.856436748454751e-7
5241	2.882941182348927e-7
5244	2.909537902676348e-7
5247	2.93622599590959e-7
5250	2.96300454852123e-7
5253	2.989872646983845e-7
5256	3.016829377770014e-7
5259	3.043873827352311e-7
5262	3.0710050822033146e-7
5265	3.098222228795603e-7
5268	3.125524353601752e-7
5271	3.152910543094339e-7
5274	3.180379883745941e-7
5277	3.207931462029136e-7
5280	3.2355643644165e-7
5283	3.263277677380611e-7
5286	3.291070487394045e-7
5289	3.31894188092938e-7
5292	3.3468909444591926e-7
5295	3.3749167644560607e-7
5298	3.4030184273925606e-7
5301	3.4311950197412697e-7
5304	3.459445627974765e-7
5307	3.4877693385656246e-7
5310	3.516165237986424e-7
5313	3.544632412709742e-7
5316	3.5731699492081537e-7
5319	3.6017769339542376e-7
5322	3.630452453420571e-7
5325	3.659195594079731e-7
5328	3.6880054424042933e-7
5331	3.7168810848668367e-7
5334	3.7458216079399377e-7
5337	3.774826098096173e-7
5340	3.8038936418081205e-7
5343	3.833023325548356e-7
5346	3.8622142357894575e-7
5349	3.8914654590040034e-7
5352	3.9207760816645686e-7
5355	3.9501451902437313e-7
5358	3.9795718712140694e-7
5361	4.0090552110481573e-7
5364	4.038594296218575e-7
5367	4.0681882131978977e-7
5370	4.097836048458705e-7
5373	4.127536888473571e-7
5376	4.1572898197150744e-7
5379	4.1870939286557925e-7
5382	4.216948301768302e-7
5385	4.2468520255251794e-7
5388	4.276804186399003e-7
5391	4.3068038708623496e-7
5394	4.336850165387796e-7
5397	4.3669421564479183e-7
5400	4.397078930515296e-7
5403	4.4272595740625044e-7
5406	4.4574831735621215e-7
5409	4.4877488154867235e-7
5412	4.518055586308889e-7
5415	4.548402572501193e-7
5418	4.578788860536215e-7
5421	4.6092135368865304e-7
5424	4.6396756880247167e-7
5427	4.670174400423351e-7
5430	4.700708760555011e-7
5433	4.731277854892273e-7
5436	4.7618807699077146e-7
5439	4.792516592073913e-7
5442	4.823184407863445e-7
5445	4.853883303748889e-7
5448	4.884612366202821e-7
5451	4.915370681697817e-7
5454	4.946157336706455e-7
5457	4.976971417701313e-7
5460	5.007812011154967e-7
5463	5.038678203539994e-7
5466	5.069569081328974e-7
5469	5.10048373099448e-7
5472	5.131421239009091e-7
5475	5.162380691845386e-7
5478	5.193361175975938e-7
5481	5.224361777873326e-7
5484	5.255381584010129e-7
5487	5.286419680858921e-7
5490	5.317475154892282e-7
5493	5.348547092582789e-7
5496	5.379634580403015e-7
5499	5.41073670482554e-7
5502	5.441852552322943e-7
5505	5.472981209367799e-7
5508	5.504121762432685e-7
5511	5.535273297990178e-7
5514	5.566434902512856e-7
5517	5.597605662473295e-7
5520	5.628784664344074e-7
5523	5.659970994597767e-7
5526	5.691163739706955e-7
5529	5.722361986144214e-7
5532	5.753564820382117e-7
5535	5.784771328893247e-7
5538	5.815980598150178e-7
5541	5.847191714625488e-7
5544	5.878403764791753e-7
5547	5.909615835121551e-7
5550	5.940827012087459e-7
5553	5.972036382162054e-7
5556	6.003243031817913e-7
5559	6.034446047527614e-7
5562	6.065644515763734e-7
5565	6.096837522998848e-7
5568	6.128024155705535e-7
5571	6.159203500356373e-7
5574	6.190374643423938e-7
5577	6.221536671380807e-7
5580	6.252688670699555e-7
5583	6.283829727852764e-7
5586	6.314958929313007e-7
5589	6.346075361552862e-7
5592	6.377178111044907e-7
5595	6.40826626426172e-7
5598	6.439338907675875e-7
5601	6.470395127759952e-7
5604	6.501434010986527e-7
5607	6.532454643828178e-7
5610	6.56345611275748e-7
5613	6.594437504247012e-7
5616	6.625397904769352e-7
5619	6.656336400797074e-7
5622	6.687252078802757e-7
5625	6.718144025258979e-7
5628	6.749011326638314e-7
5631	6.779853069413343e-7
5634	6.810668340056641e-7
5637	6.841456225040784e-7
5640	6.872215810838351e-7
5643	6.90294618392192e-7
5646	6.933646430764066e-7
5649	6.964315637837367e-7
5652	6.994952891614399e-7
5655	7.025557278567741e-7
5658	7.056127885169969e-7
5661	7.083455950379679e-7
5664	7.079194350748419e-7
5667	7.074860608552443e-7
5670	7.070454909610684e-7
5673	7.065977439742072e-7
5676	7.061428384765538e-7
5679	7.056807930500019e-7
5682	7.052116262764442e-7
5685	7.04735356737774e-7
5688	7.042520030158844e-7
5691	7.037615836926688e-7
5694	7.032641173500204e-7
5697	7.027596225698322e-7
5700	7.022481179339975e-7
5703	7.017296220244092e-7
5706	7.01204153422961e-7
5709	7.006717307115455e-7
5712	7.001323724720563e-7
5715	6.995860972863866e-7
5718	6.990329237364293e-7
5721	6.984728704040776e-7
5724	6.97905955871225e-7
5727	6.973321987197645e-7
5730	6.967516175315891e-7
5733	6.961642308885922e-7
5736	6.95570057372667e-7
5739	6.949691155657065e-7
5742	6.943614240496041e-7
5745	6.937470014062528e-7
5748	6.93125866217546e-7
5751	6.924980370653767e-7
5754	6.918635325316381e-7
5757	6.912223711982234e-7
5760	6.905745716470258e-7
5763	6.899201524599384e-7
5766	6.892591322188546e-7
5769	6.885915295056673e-7
5772	6.8791736290227e-7
5775	6.872366509905556e-7
5778	6.865494123524175e-7
5781	6.858556655697485e-7
5784	6.851554292244424e-7
5787	6.844487218983917e-7
5790	6.837355621734902e-7
5793	6.830159686316306e-7
5796	6.822899598547064e-7
5799	6.815575544246107e-7
5802	6.808187709232365e-7
5805	6.800736279324773e-7
5808	6.793221440342259e-7
5811	6.785643378103761e-7
5814	6.778002278428202e-7
5817	6.770298327134522e-7
5820	6.762531710041648e-7
5823	6.754702612968514e-7
5826	6.74681122173405e-7
5829	6.738857722157189e-7
5832	6.730842300056865e-7
5835	6.722765141252004e-7
5838	6.714626431561545e-7
5841	6.706426356804414e-7
5844	6.698165102799544e-7
5847	6.68984285536587e-7
5850	6.681459800322322e-7
5853	6.67301612348783e-7
5856	6.664512010681329e-7
5859	6.655947647721749e-7
5862	6.647323220428022e-7
5865	6.638638914619078e-7
5868	6.629894916113851e-7
5871	6.621091410731274e-7
5874	6.612228584290276e-7
5877	6.603306622609792e-7
5880	6.59432571150875e-7
5883	6.585286036806085e-7
5886	6.576187784320728e-7
5889	6.56703113987161e-7
5892	6.557816289277662e-7
5895	6.548543418357818e-7
5898	6.539212712931009e-7
5901	6.529824358816167e-7
5904	6.520378541832224e-7
5907	6.510875447798111e-7
5910	6.501315262532758e-7
5913	6.491698171855102e-7
5916	6.482024361584071e-7
5919	6.472294017538598e-7
5922	6.462507325537614e-7
5925	6.45266447140005e-7
5928	6.442765640944841e-7
5931	6.432811019990917e-7
5934	6.422800794357211e-7
5937	6.412735149862651e-7
5940	6.402614272326172e-7
5943	6.392438347566707e-7
5946	6.382207561403184e-7
5949	6.371922099654539e-7
5952	6.361582148139701e-7
5955	6.351187892677602e-7
5958	6.340739519087175e-7
5961	6.330237213187351e-7
5964	6.319681160797063e-7
5967	6.30907154773524e-7
5970	6.298408559820818e-7
5973	6.287692382872725e-7
5976	6.276923202709896e-7
5979	6.26610120515126e-7
5982	6.25522657601575e-7
5985	6.244299501122298e-7
5988	6.233320166289836e-7
5991	6.222288757337295e-7
5994	6.211205460083607e-7
5997	6.200070460347706e-7