0	0.
3	0.00011688505348950169
6	0.00032772083260643046
9	0.0005909395196747721
12	0.000869130389569307
15	0.0011044765751046716
18	0.001280696958838379
21	0.0014347243483872473
24	0.0015587447335836688
27	0.0016544517929727174
30	0.0017348071754941905
33	0.001804000362952108
36	0.0018595652276624166
39	0.0018991309624202648
42	0.0019285975624435288
45	0.0019512433235241804
48	0.0019759024469858224
51	0.0019978945120500994
54	0.0020174844579276697
57	0.0020351392929088977
60	0.0020522397161781445
63	0.002067346408955821
66	0.002080238831377809
69	0.0020906964435799895
72	0.002097716325286251
75	0.002099481991948879
78	0.002098671494873732
81	0.0020956960189850763
84	0.002090966749207178
87	0.0020848948704643034
90	0.0020783146713440654
93	0.002075308380360557
96	0.0020718761433553357
99	0.0020678669491470385
102	0.002063129786554303
105	0.002057513644395766
108	0.0020508675114900643
111	0.002043040376655836
114	0.0020321692252398046
117	0.0020166266029651232
120	0.001999712523284889
123	0.0019816604612939996
126	0.0019627038920873563
129	0.0019430762907598586
132	0.0019230111324064054
135	0.0019027418921218964
138	0.0018825020450012316
141	0.0018625250661393105
144	0.0018471860724980184
147	0.0018353322577523432
150	0.0018241818931080918
153	0.001813627302532788
156	0.0018035608099939548
159	0.0017938747394591155
162	0.0017844614148957935
165	0.001775213160271512
168	0.0017660222995537942
171	0.0017567811567101637
174	0.0017473820557081436
177	0.0017377173205152566
180	0.0017258639587322045
183	0.0017097980502170681
186	0.0016931904109255798
189	0.001676106196613594
192	0.0016586105630369652
195	0.0016407686659515477
198	0.0016226456611131955
201	0.0016043067042777633
204	0.0015858169512011054
207	0.001567241557639076
210	0.0015486456793475296
213	0.0015300944720823206
216	0.0015116530915993032
219	0.0014933866936543316
222	0.0014753604340032604
225	0.001457639468401944
228	0.0014442717105738025
231	0.0014319129449908434
234	0.0014200059711626974
237	0.0014085264863824768
240	0.0013974501879432952
243	0.0013867527731382646
246	0.0013764099392604985
249	0.0013663973836031094
252	0.0013566908034592098
255	0.0013472658961219128
258	0.0013380983588843313
261	0.001329163889039578
264	0.0013204381838807658
267	0.001311896940701007
270	0.0013035158567934152
273	0.0012952706294511026
276	0.0012871369559671823
279	0.0012790905336347669
282	0.0012711070597469691
285	0.0012621476659885936
288	0.0012518386363364411
291	0.0012415123125624255
294	0.001231173951769956
297	0.0012208288110624414
300	0.001210482147543291
303	0.0012001392183159138
306	0.0011898052804837182
309	0.001179485591150114
312	0.0011691854074185096
315	0.0011589099863923145
318	0.0011486645851749371
321	0.0011384544608697871
324	0.001128284870580273
327	0.0011181610714098042
330	0.0011080883204617892
333	0.0010980718748396373
336	0.0010881169916467576
339	0.001078228927986559
342	0.0010684129409624505
345	0.0010586742876778409
348	0.0010490182252361395
351	0.0010394500107407552
354	0.001029974901295097
357	0.001020598154002574
360	0.0010122631782566466
363	0.0010041013312322399
366	0.0009960549451656787
369	0.0009881214319634758
372	0.0009802982035321429
375	0.0009725826717781917
378	0.0009649722486081345
381	0.0009574643459284836
384	0.0009500563756457503
387	0.0009427457496664472
390	0.0009355298798970862
393	0.0009284061782441792
396	0.0009213720566142381
399	0.0009144249269137751
402	0.0009075622010493021
405	0.0009007812909273313
408	0.0008940796084543744
411	0.0008874545655369436
414	0.000880903574081551
417	0.0008744240459947085
420	0.000868013393182928
423	0.0008616690275527216
426	0.0008553883610106015
429	0.0008491688054630793
432	0.0008430077728166674
435	0.0008369026749778777
438	0.0008308509238532221
441	0.0008248499313492126
444	0.0008188971093723613
447	0.0008129898698291802
450	0.0008070516182445163
453	0.0008005945101117409
456	0.0007941703538991798
459	0.0007877797152612332
462	0.0007814231598523021
465	0.0007751012533267868
468	0.0007688145613390881
471	0.0007625636495436062
474	0.0007563490835947421
477	0.0007501714291468963
480	0.0007440312518544692
483	0.0007379291173718614
486	0.0007318655913534735
489	0.0007258412394537061
492	0.0007198566273269599
495	0.0007139123206276353
498	0.0007080088850101329
501	0.0007021468861288533
504	0.000696326889638197
507	0.000690549461192565
510	0.0006848151664463573
513	0.0006791245710539749
516	0.000673478240669818
519	0.0006678767409482874
522	0.0006623206375437839
525	0.0006568104961107077
528	0.0006513468823034595
531	0.0006459303617764399
534	0.0006405615001840494
537	0.0006352408631806887
540	0.0006299690164207584
543	0.000624746525558659
546	0.000619573956248791
549	0.0006144518741455551
552	0.0006093808449033519
555	0.0006043614341765818
558	0.0005993942076196456
561	0.0005944797308869437
564	0.0005896185696328768
567	0.0005849489478392211
570	0.0005806438617051277
573	0.0005763966575512621
576	0.0005722064945717492
579	0.0005680725319607138
582	0.0005639939289122812
585	0.0005599698446205757
588	0.0005559994382797226
591	0.0005520818690838465
594	0.0005482162962270724
597	0.0005444018789035252
600	0.0005406377763073297
603	0.0005369231476326108
606	0.0005332571520734933
609	0.0005296389488241023
612	0.0005260676970785625
615	0.0005225425560309988
618	0.0005190626848755361
621	0.0005156272428062993
624	0.0005122353890174132
627	0.0005088862827030028
630	0.0005055790830571928
633	0.0005023129492741082
636	0.0004990870405478738
639	0.0004959005160726145
642	0.0004927525350424553
645	0.000489642256651521
648	0.0004865688400939363
651	0.00048353144456382633
654	0.00048052922925531584
657	0.0004775613533625297
660	0.0004746269760795928
663	0.0004717252566006301
666	0.0004688553541197664
669	0.00046601642783112657
672	0.00046320763692883545
675	0.0004604281406070181
678	0.0004576770980597991
681	0.00045495366848130353
684	0.0004522570110656562
687	0.0004495862850069821
690	0.0004469406494994059
693	0.0004443192637370527
696	0.00044172128691404716
699	0.0004391458782245143
702	0.000436592196862579
705	0.00043405940202236607
708	0.00043154665289800036
711	0.00042905310868360686
714	0.0004263895235590401
717	0.0004235132511324358
720	0.00042065136680595824
723	0.00041780385976545155
726	0.0004149707191967597
729	0.00041215193428572683
732	0.00040934749421819703
735	0.0004065573881800142
738	0.0004037816053570227
741	0.0004010201349350664
744	0.0003982729660999894
747	0.0003955400880376359
750	0.00039282148993384985
753	0.0003901171609744753
756	0.00038742709034535633
759	0.00038475126723233713
762	0.0003820896808212616
765	0.00037944232029797403
768	0.00037680917484831836
771	0.0003741902336581386
774	0.00037158548591327903
777	0.0003689949207995835
780	0.0003664185275028961
783	0.0003638562952090611
786	0.0003613082131039224
789	0.0003587742703733241
792	0.0003562544562031103
795	0.0003537487597791251
798	0.00035125717028721256
801	0.00034877967691321663
804	0.00034631626884298156
807	0.00034386693526235136
810	0.0003414316653571701
813	0.0003390104483132818
816	0.00033660327331653064
819	0.00033421012955276054
822	0.00033183100620781577
825	0.0003294658924675403
828	0.0003271147775177781
831	0.00032477765054437336
834	0.0003224545007331702
837	0.00032014531727001254
840	0.00031785008934074466
843	0.00031556880613121046
846	0.00031330145682725407
849	0.00031104803061471955
852	0.000308808516679451
855	0.00030658290420729244
858	0.00030437118238408803
861	0.00030217334039568173
864	0.00029998936742791775
867	0.00029781925266664005
870	0.00029566298529769275
873	0.00029352055450691995
876	0.0002913919494801656
879	0.00028927715940327395
882	0.000287176173462089
885	0.00028508898084245464
888	0.00028301557073021527
891	0.00028095593231121477
894	0.0002789100547712972
897	0.0002768779272963067
900	0.00027489038387079547
903	0.0002729185269353152
906	0.00027096052546743594
909	0.00026901632766818606
912	0.0002670858817385938
915	0.0002651691358796873
918	0.00026326603829249494
921	0.00026137653717804495
924	0.00025950058073736555
927	0.00025763811717148505
930	0.0002557890946814317
933	0.00025395346146823376
936	0.00025213116573291947
939	0.00025032215567651707
942	0.00024852637950005486
945	0.0002467437854045611
948	0.000244974321591064
951	0.00024321793626059187
954	0.00024147457761417292
957	0.00023974419385283544
960	0.0002380267331776077
963	0.00023632214378951794
966	0.00023463037388959444
969	0.0002329513716788654
972	0.00023128508535835915
975	0.00022963146312910394
978	0.00022799045319212797
981	0.00022636200374845952
984	0.00022474606299912692
987	0.00022314257914515833
990	0.00022155150038758207
993	0.00021997277492742635
996	0.00021840635096571952
999	0.00021685217670348975
1002	0.00021531020034176528
1005	0.00021378037008157444
1008	0.0002122626341239455
1011	0.00021075694066990665
1014	0.0002092632379204862
1017	0.00020778147407671238
1020	0.00020631159733961344
1023	0.0002048535559102177
1026	0.00020340729798955335
1029	0.00020197277177864866
1032	0.00020054992547853193
1035	0.0001991387072902314
1038	0.0001977390654147753
1041	0.00019635094805319192
1044	0.0001949743034065095
1047	0.0001936090796757563
1050	0.00019225522506196059
1053	0.00019091268776615062
1056	0.0001895814159893547
1059	0.00018826135793260096
1062	0.0001869524617969178
1065	0.00018565467578333342
1068	0.00018436794809287602
1071	0.00018309222692657396
1074	0.00018182746048545545
1077	0.00018057359697054874
1080	0.0001793305845828821
1083	0.0001780983715234838
1086	0.00017687690599338211
1089	0.00017566613619360527
1092	0.0001744660103251815
1095	0.00017327647658913912
1098	0.00017209748318650637
1101	0.0001709289783183115
1104	0.00016977091018558277
1107	0.0001686232269893484
1110	0.00016748587693063674
1113	0.00016635880821047597
1116	0.00016524196902989438
1119	0.00016413530758992024
1122	0.00016303877209158178
1125	0.00016195231073590728
1128	0.00016087587172392497
1131	0.00015981927948353891
1134	0.00015878207623920353
1137	0.00015775481906620998
1140	0.0001567374408630346
1143	0.00015572987452815395
1146	0.00015473205296004424
1149	0.00015374390905718196
1152	0.00015276537571804353
1155	0.0001517963858411053
1158	0.0001508368723248437
1161	0.00014988676806773513
1164	0.00014894600596825603
1167	0.00014801451892488274
1170	0.0001470922398360917
1173	0.00014617910160035928
1176	0.00014527503711616192
1179	0.00014437997928197597
1182	0.00014349386099627787
1185	0.000142616615157544
1188	0.0001417481746642508
1191	0.00014088847241487465
1194	0.00014003744130789192
1197	0.0001391950142417791
1200	0.0001383611241150125
1203	0.00013753570382606854
1206	0.00013671868627342364
1209	0.0001359100043555542
1212	0.00013510959097093664
1215	0.00013431737901804732
1218	0.00013353330139536268
1221	0.0001327572910013591
1224	0.00013198928073451297
1227	0.00013122920349330073
1230	0.00013047699217619876
1233	0.00012973257968168346
1236	0.0001289958989082312
1239	0.00012826688275431846
1242	0.0001275454641184216
1245	0.000126831575899017
1248	0.00012612515099458106
1251	0.00012542612230359023
1254	0.00012473442272452088
1257	0.0001240499851558494
1260	0.00012337274249605223
1263	0.00012270262764360574
1266	0.00012203957349698634
1269	0.00012138351295467043
1272	0.0001207343789151344
1275	0.00012009210427685469
1278	0.00011945662193830767
1281	0.00011882786479796975
1284	0.00011820576575431732
1287	0.0001175902577058268
1290	0.00011698127355097461
1293	0.00011637874618823708
1296	0.00011578260851609069
1299	0.0001151927934330118
1302	0.00011460923383747683
1305	0.00011403186262796215
1308	0.00011346061270294421
1311	0.00011289541696089937
1314	0.00011233620830030406
1317	0.00011178291961963466
1320	0.00011123548381736759
1323	0.00011069383379197923
1326	0.00011015790244194601
1329	0.00010962762266574431
1332	0.00010910292736185055
1335	0.00010858374942874111
1338	0.0001080700217648924
1341	0.00010756167726878082
1344	0.00010705864883888277
1347	0.00010656086937367468
1350	0.00010606827177163292
1353	0.0001055807889312339
1356	0.00010509835375095401
1359	0.00010462089912926968
1362	0.00010414835796465728
1365	0.00010368066315559325
1368	0.00010321774760055396
1371	0.0001027595441980158
1374	0.00010230598584645521
1377	0.00010185700544434858
1380	0.0001014125358901723
1383	0.00010097251008240278
1386	0.00010053686091951642
1389	0.0001001055212999896
1392	0.00009967842412229878
1395	0.00009925550228492029
1398	0.00009883668868633059
1401	0.00009842191622500605
1404	0.00009801111779942308
1407	0.00009760422630805808
1410	0.00009720117464938745
1413	0.0000968018957218876
1416	0.00009640632242403492
1419	0.00009601438765430584
1422	0.00009562295449047646
1425	0.00009513668184842201
1428	0.00009465347169993636
1431	0.00009417330769699258
1434	0.00009369617349156383
1437	0.00009322205273562316
1440	0.00009275092908114369
1443	0.00009228278618009856
1446	0.00009181760768446082
1449	0.00009135537724620363
1452	0.00009089607851730006
1455	0.00009043969514972323
1458	0.00008998621079544626
1461	0.00008953560910644221
1464	0.00008908787373468422
1467	0.00008864298833214541
1470	0.00008820093655079884
1473	0.00008776170204261766
1476	0.00008732526845957493
1479	0.00008689161945364381
1482	0.00008646073867679736
1485	0.00008603260978100872
1488	0.00008560721641825095
1491	0.0000851845422404972
1494	0.00008476457089972057
1497	0.00008434728604789415
1500	0.00008393267133699105
1503	0.00008352071041898438
1506	0.00008311138694584724
1509	0.00008270468456955274
1512	0.000082300586942074
1515	0.00008189907771538408
1518	0.00008150014054145612
1521	0.00008110375907226324
1524	0.00008070991695977851
1527	0.00008031859785597505
1530	0.00007992978541282598
1533	0.00007954346328230439
1536	0.0000791596151163834
1539	0.00007877822456703608
1542	0.00007839927528623557
1545	0.00007802275092595497
1548	0.00007764863513816739
1551	0.00007727691157484592
1554	0.00007690756388796365
1557	0.00007654057572949374
1560	0.00007617593075140926
1563	0.00007581361260568332
1566	0.00007545360494428902
1569	0.00007509589141919947
1572	0.00007474045568238777
1575	0.00007438728138582704
1578	0.00007403635218149039
1581	0.00007368765172135089
1584	0.00007334116365738169
1587	0.00007299687164155587
1590	0.00007265475932584653
1593	0.0000723148103622268
1596	0.00007197700840266976
1599	0.00007164133709914854
1602	0.00007130778010363623
1605	0.00007097632106810592
1608	0.00007064694364453075
1611	0.00007031963148488381
1614	0.0000699943682411382
1617	0.00006967113756526704
1620	0.00006934992310924344
1623	0.00006903070852504047
1626	0.00006871347746463126
1629	0.00006839821357998892
1632	0.00006808490052308655
1635	0.00006777352194589726
1638	0.00006746406150039415
1641	0.00006715650283855032
1644	0.00006685082961233887
1647	0.00006654702547373293
1650	0.0000662450740747056
1653	0.00006594495906722997
1656	0.00006564666410327917
1659	0.00006535017283482627
1662	0.0000650554689138444
1665	0.00006476253599230668
1668	0.00006447135772218618
1671	0.00006418191775545602
1674	0.00006389419974408932
1677	0.00006360818734005917
1680	0.00006332386419533868
1683	0.00006304121396190097
1686	0.0000627602202917191
1689	0.00006248086683676624
1692	0.00006220313724901543
1695	0.00006192701518043984
1698	0.00006165248428301252
1701	0.0000613795282087066
1704	0.0000611081306094952
1707	0.000060838275137351395
1710	0.00006056994544424831
1713	0.000060303125182159054
1716	0.00006003779800305672
1719	0.00005977394755891443
1722	0.00005951155750170527
1725	0.00005925061148340235
1728	0.000058991093155978785
1731	0.00005873298617140768
1734	0.00005847627418166213
1737	0.000058220940838715246
1740	0.00005796696979454013
1743	0.000057714344701109903
1746	0.00005746304921039766
1749	0.0000572130669743765
1752	0.00005696438164501954
1755	0.00005671697687429988
1758	0.00005647083631419063
1761	0.00005622594361666488
1764	0.000055982282433695755
1767	0.000055739836417256354
1770	0.00005549858921931979
1773	0.00005525852449185915
1776	0.00005501962588684755
1779	0.0000547818770562581
1782	0.000054545261652063894
1785	0.00005430976332623805
1788	0.00005407536573075368
1791	0.00005382636999622615
1794	0.000053542991027041155
1797	0.00005326051389767804
1800	0.00005297893839943268
1803	0.00005269826432360098
1806	0.0000524184914614788
1809	0.000052139619604362
1812	0.00005186164854354647
1815	0.000051584578070328096
1818	0.00005130840797600273
1821	0.000051033138051866275
1824	0.00005075876808921459
1827	0.00005048529787934355
1830	0.00005021272721354904
1833	0.000049941055883126924
1836	0.000049670283679373094
1839	0.000049400410393583416
1842	0.00004913143581705376
1845	0.000048863359741080006
1848	0.000048596181956958046
1851	0.000048329902255983736
1854	0.00004806452042945295
1857	0.000047800036268661587
1860	0.000047536449564905505
1863	0.000047273760109480586
1866	0.0000470119676936827
1869	0.00004675107210880772
1872	0.00004649107314615154
1875	0.000046231970597010016
1878	0.000045973764252679034
1881	0.00004571645390445447
1884	0.0000454600393436322
1887	0.0000452045203615081
1890	0.00004494989674937804
1893	0.0000446961682985379
1896	0.00004444333480028356
1899	0.00004419139604591089
1902	0.00004394035182671576
1905	0.000043690201933994066
1908	0.00004344094615904167
1911	0.000043192584293154444
1914	0.00004294511612762827
1917	0.00004269854145375903
1920	0.000042452860062842586
1923	0.00004220807174617483
1926	0.00004196417629505163
1929	0.000041721173500768856
1932	0.00004147906315462239
1935	0.000041237845047908105
1938	0.00004099751897192188
1941	0.00004075808471795959
1944	0.00004051954207731711
1947	0.00004028189084129033
1950	0.0000400451308011751
1953	0.00003980926174826732
1956	0.00003957428347386284
1959	0.00003934019576925756
1962	0.00003910699842574735
1965	0.00003887469123462808
1968	0.000038643273987195625
1971	0.00003841274647474587
1974	0.00003818310848857468
1977	0.00003795435981997795
1980	0.00003772650026025153
1983	0.000037499529600691306
1986	0.00003727344763259317
1989	0.000037048254147252974
1992	0.000036823948935966605
1995	0.00003660053179002994
1998	0.000036378002500738857
2001	0.00003615636085938922
2004	0.00003593560665727692
2007	0.000035715739685697824
2010	0.00003549675973594781
2013	0.000035278666599322755
2016	0.00003506146006711853
2019	0.00003484513993063102
2022	0.00003462970598115609
2025	0.00003441515800998963
2028	0.00003420149580842751
2031	0.000033988719167765596
2034	0.00003377682787929977
2037	0.00003356582173432592
2040	0.000033355700524139905
2043	0.0000331464640400376
2046	0.0000329381120733149
2049	0.00003273064441526766
2052	0.00003252406085719178
2055	0.00003231836119038311
2058	0.000032113545206137536
2061	0.000031909612695750935
2064	0.00003170656345051919
2067	0.00003150439726173817
2070	0.000031303113920703744
2073	0.0000311027132187118
2076	0.000030903194947058203
2079	0.00003070455889703884
2082	0.00003050680485994958
2085	0.000030309932627086308
2088	0.00003011394198974489
2091	0.000029918832739221198
2094	0.000029724604666811117
2097	0.000029531257563810526
2100	0.000029338791221515287
2103	0.000029147205431221293
2106	0.000028956499984224407
2109	0.00002876667467182051
2112	0.000028577729285305476
2115	0.000028389663615975182
2118	0.000028202477455125507
2121	0.00002801617059405232
2124	0.000027830742824051506
2127	0.000027646193936418935
2130	0.000027462523722450484
2133	0.000027279731973442027
2136	0.000027097818480689445
2139	0.000026916783035488607
2142	0.000026736625429135395
2145	0.00002655734545292568
2148	0.000026378942898155344
2151	0.00002620141755612026
2154	0.000026024769218116304
2157	0.000025848997675439347
2160	0.000025674102719385276
2163	0.000025500084141249957
2166	0.000025326941732329272
2169	0.000025154675283919088
2172	0.000024983284587315293
2175	0.000024812769433813754
2178	0.00002464312961471035
2181	0.00002447436492130096
2184	0.000024306475144881455
2187	0.000024139460076747713
2190	0.000023973319508195613
2193	0.000023808053230521028
2196	0.000023643661035019827
2199	0.000023480142712987897
2202	0.000023317498055721113
2205	0.000023155726854515342
2208	0.00002299482890066647
2211	0.000022834803985470367
2214	0.00002267565190022291
2217	0.000022517372436219975
2220	0.000022359965384757442
2223	0.00002220343053713118
2226	0.00002204776768463707
2229	0.000021892976618570987
2232	0.000021739057130228804
2235	0.0000215860090109064
2238	0.00002143383205189965
2241	0.000021282526044504432
2244	0.000021132090780016615
2247	0.000020982526049732085
2250	0.000020833831644946714
2253	0.00002068600735695637
2256	0.00002055199810437754
2259	0.000020421957396675898
2262	0.000020292822980563656
2265	0.000020164591454476475
2268	0.00002003725941685003
2271	0.000019910823466119987
2274	0.00001978528020072202
2277	0.000019660626219091798
2280	0.000019536858119664997
2283	0.000019413972500877278
2286	0.000019291965961164313
2289	0.000019170835098961775
2292	0.00001905057651270533
2295	0.000018931186800830655
2298	0.00001881266256177341
2301	0.00001869500039396927
2304	0.000018578196895853907
2307	0.000018462248665862993
2310	0.000018347152302432194
2313	0.000018232904403997183
2316	0.00001811950156899362
2319	0.00001800694039585719
2322	0.00001789521748302355
2325	0.00001778432942892838
2328	0.000017674272832007346
2331	0.000017565044290696116
2334	0.000017456640403430366
2337	0.000017349057768645756
2340	0.000017242292984777968
2343	0.000017136342650262662
2346	0.000017031203363535515
2349	0.000016926871723032195
2352	0.00001682334432718837
2355	0.00001672061777443971
2358	0.000016618688663221886
2361	0.000016517553591970575
2364	0.000016417209159121435
2367	0.000016317651963110143
2370	0.000016218878602372367
2373	0.00001612088567534378
2376	0.00001602366978046005
2379	0.000015927227516156843
2382	0.000015831555480869836
2385	0.000015736650273034695
2388	0.00001564250849108709
2391	0.000015549126733462696
2394	0.000015456501598597177
2397	0.000015364629684926204
2400	0.00001527350759088545
2403	0.000015183131914910583
2406	0.000015093499255437274
2409	0.000015004606210901192
2412	0.000014916449379738005
2415	0.000014829025360383388
2418	0.000014742330751273006
2421	0.000014656362150842536
2424	0.00001457111615752764
2427	0.000014486589369763996
2430	0.000014402778385987263
2433	0.000014319679804633124
2436	0.000014237290224137242
2439	0.000014155606242935285
2442	0.00001407462445946293
2445	0.000013994341472155838
2448	0.000013914753879449688
2451	0.000013835858279780144
2454	0.000013757651271582881
2457	0.000013680129453293564
2460	0.000013603289423347866
2463	0.000013527127780181453
2466	0.000013451641122230006
2469	0.000013376826047929183
2472	0.000013302679155714656
2475	0.000013229197044022102
2478	0.000013156376311287184
2481	0.000013084213555945575
2484	0.000013012705376432945
2487	0.000012941848371184964
2490	0.000012871639138637302
2493	0.000012802074277225631
2496	0.000012733150385385614
2499	0.00001266486406155293
2502	0.000012597211904163245
2505	0.000012530190511652227
2508	0.000012463796482455547
2511	0.00001239802641500888
2514	0.000012332876907747889
2517	0.00001226834455910825
2520	0.000012204425967525628
2523	0.000012141117731435697
2526	0.000012078416449274125
2529	0.000012016318719476582
2532	0.00001195482114047874
2535	0.000011893920310716267
2538	0.000011833612828624835
2541	0.000011773895292640109
2544	0.000011714764301197765
2547	0.00001165621645273347
2550	0.000011598248345682897
2553	0.000011540856578481713
2556	0.000011484037749565588
2559	0.000011427788457370195
2562	0.0000113721053003312
2565	0.000011316984876884275
2568	0.000011262423785465092
2571	0.000011208418624509317
2574	0.000011154965992452624
2577	0.000011102062487730681
2580	0.000011049704708779157
2583	0.000010997889254033726
2586	0.000010946612721930054
2589	0.000010895871710903815
2592	0.000010845662819390672
2595	0.000010795982645826302
2598	0.000010746827788646372
2601	0.000010698194846286556
2604	0.000010650080417182517
2607	0.000010602481099769932
2610	0.000010555393492484466
2613	0.000010508814193761792
2616	0.000010462739802037579
2619	0.000010417166915747493
2622	0.000010372092133327213
2625	0.000010327512053212402
2628	0.000010283423273838733
2631	0.000010239822393641876
2634	0.0000101967060110575
2637	0.000010154070724521274
2640	0.000010111913132468871
2643	0.000010070229833335959
2646	0.000010029017425558209
2649	9.988272507571289e-6
2652	9.947991677810873e-6
2655	9.908171534712626e-6
2658	9.868808676712223e-6
2661	9.829899702245331e-6
2664	9.79144120974762e-6
2667	9.753429797654762e-6
2670	9.715862064402426e-6
2673	9.678734608426282e-6
2676	9.642044028162001e-6
2679	9.60578692204525e-6
2682	9.569959888511701e-6
2685	9.534559525997026e-6
2688	9.499582432936893e-6
2691	9.465025207766972e-6
2694	9.430884448922933e-6
2697	9.397156754840448e-6
2700	9.363838723955185e-6
2703	9.330926954702812e-6
2706	9.298418045519005e-6
2709	9.26630859483943e-6
2712	9.234595201099756e-6
2715	9.203274462735655e-6
2718	9.172342978182797e-6
2721	9.141797345876852e-6
2724	9.11163416425349e-6
2727	9.08185003174838e-6
2730	9.052441546797195e-6
2733	9.023405307835603e-6
2736	8.994737913299272e-6
2739	8.966435961623876e-6
2742	8.938496051245083e-6
2745	8.910914780598562e-6
2748	8.883688748119985e-6
2751	8.856814552245022e-6
2754	8.830288791409342e-6
2757	8.804108064048616e-6
2760	8.778268968598514e-6
2763	8.752768103494705e-6
2766	8.727602067172858e-6
2769	8.702767458068645e-6
2772	8.67826087461774e-6
2775	8.654078915255804e-6
2778	8.630218178418514e-6
2781	8.606675262541536e-6
2784	8.583446766060544e-6
2787	8.560529287411204e-6
2790	8.53791942502919e-6
2793	8.51561377735017e-6
2796	8.493608942809813e-6
2799	8.471901519843792e-6
2802	8.450488106887772e-6
2805	8.429365302377428e-6
2808	8.408529704748431e-6
2811	8.387977912436446e-6
2814	8.367706523877146e-6
2817	8.3477121375062e-6
2820	8.327991351759277e-6
2823	8.308540765072052e-6
2826	8.28935697588019e-6
2829	8.270436582619363e-6
2832	8.25177618372524e-6
2835	8.233372377633492e-6
2838	8.208359729777679e-6
2841	8.168003992304827e-6
2844	8.127850921232187e-6
2847	8.087899939172264e-6
2850	8.048150468737566e-6
2853	8.008601932540592e-6
2856	7.969253753193851e-6
2859	7.930105353309847e-6
2862	7.891156155501083e-6
2865	7.852405582380066e-6
2868	7.813853056559298e-6
2871	7.775498000651287e-6
2874	7.737339837268536e-6
2877	7.699377989023548e-6
2880	7.66161187852883e-6
2883	7.624040928396887e-6
2886	7.586664561240222e-6
2889	7.54948219967134e-6
2892	7.512493266302747e-6
2895	7.475697183746947e-6
2898	7.439093374616444e-6
2901	7.4026812615237425e-6
2904	7.3664602670813496e-6
2907	7.330429813901769e-6
2910	7.2945893245975015e-6
2913	7.258938221781057e-6
2916	7.223475928064939e-6
2919	7.1882018660616494e-6
2922	7.153115458383698e-6
2925	7.118216127643583e-6
2928	7.083503296453816e-6
2931	7.048976387426895e-6
2934	7.014634823175331e-6
2937	6.9804780263116235e-6
2940	6.946505419448281e-6
2943	6.912716425197805e-6
2946	6.879110466172703e-6
2949	6.845686964985476e-6
2952	6.812445344248635e-6
2955	6.779385026574678e-6
2958	6.746505434576115e-6
2961	6.7138059908654465e-6
2964	6.681286118055179e-6
2967	6.6489452387578175e-6
2970	6.616782775585867e-6
2973	6.584798151151831e-6
2976	6.552990788068214e-6
2979	6.521360108947522e-6
2982	6.489905536402261e-6
2985	6.458626493044932e-6
2988	6.427522401488042e-6
2991	6.396592684344096e-6
2994	6.365836764225597e-6
2997	6.335254063745052e-6
3000	6.304844005514962e-6
3003	6.274606012147836e-6
3006	6.244539506256177e-6
3009	6.214643910452489e-6
3012	6.184918647349278e-6
3015	6.155363139559046e-6
3018	6.1259768096943006e-6
3021	6.096759080367546e-6
3024	6.067709374191286e-6
3027	6.038827113778025e-6
3030	6.0101117217402694e-6
3033	5.981562620690522e-6
3036	5.9531792332412904e-6
3039	5.9249609820050756e-6
3042	5.896907289594384e-6
3045	5.869017578621721e-6
3048	5.841291271699591e-6
3051	5.813727791440497e-6
3054	5.786326560456947e-6
3057	5.759087001361443e-6
3060	5.7320085367664886e-6
3063	5.7050905892845915e-6
3066	5.678332581528256e-6
3069	5.6517339361099854e-6
3072	5.6252940756422856e-6
3075	5.5990124227376594e-6
3078	5.572888400008613e-6
3081	5.546921430067652e-6
3084	5.5211109355272805e-6
3087	5.495456339000002e-6
3090	5.469957063098321e-6
3093	5.4446125304347454e-6
3096	5.419422163621776e-6
3099	5.394385385271919e-6
3102	5.36950161799768e-6
3105	5.344770284411562e-6
3108	5.320190807126072e-6
3111	5.295762608753712e-6
3114	5.271485111906989e-6
3117	5.2473577391984065e-6
3120	5.2233799132404685e-6
3123	5.199551056645683e-6
3126	5.17587059202655e-6
3129	5.152337941995578e-6
3132	5.128952529165269e-6
3135	5.105713776148131e-6
3138	5.082621105556665e-6
3141	5.059673940003378e-6
3144	5.036871702100773e-6
3147	5.0142138144613565e-6
3150	4.991699699697633e-6
3153	4.969328780422107e-6
3156	4.947100479247282e-6
3159	4.925014218785663e-6
3162	4.903069421649756e-6
3165	4.881265510452066e-6
3168	4.859601907805096e-6
3171	4.838078036321351e-6
3174	4.816693318613335e-6
3177	4.7954471772935556e-6
3180	4.774339034974515e-6
3183	4.753368314268718e-6
3186	4.732534437788672e-6
3189	4.711836828146877e-6
3192	4.691274907955841e-6
3195	4.670848099828069e-6
3198	4.6505558263760645e-6
3201	4.630397510212332e-6
3204	4.610372573949377e-6
3207	4.590480440199703e-6
3210	4.570720531575816e-6
3213	4.55109227069022e-6
3216	4.531595080155419e-6
3219	4.51222838258392e-6
3222	4.492991600588226e-6
3225	4.473884156780843e-6
3228	4.454905473774273e-6
3231	4.436054974181023e-6
3234	4.417332080613597e-6
3237	4.3987362156845006e-6
3240	4.3802668020062366e-6
3243	4.361923262191312e-6
3246	4.343705018852229e-6
3249	4.325611494601494e-6
3252	4.307642112051612e-6
3255	4.289796293815086e-6
3258	4.272073462504422e-6
3261	4.2544730407321254e-6
3264	4.2369944511106985e-6
3267	4.219637116252649e-6
3270	4.202400458770479e-6
3273	4.185283901276695e-6
3276	4.168286866383801e-6
3279	4.1514087767043e-6
3282	4.134649054850699e-6
3285	4.118007123435503e-6
3288	4.101482405071215e-6
3291	4.0850743223703405e-6
3294	4.068782297945384e-6
3297	4.05260575440885e-6
3300	4.036544114373245e-6
3303	4.020596800451071e-6
3306	4.004763235254834e-6
3309	3.989042841397039e-6
3312	3.97343504149019e-6
3315	3.957939258146792e-6
3318	3.942554913979351e-6
3321	3.927281431600369e-6
3324	3.912118233622353e-6
3327	3.897064742657806e-6
3330	3.882120381319235e-6
3333	3.8672845722191416e-6
3336	3.8525567379700326e-6
3339	3.837936301184413e-6
3342	3.823422684474787e-6
3345	3.8090153104536574e-6
3348	3.7947136017335318e-6
3351	3.7805169809269135e-6
3354	3.766424870646307e-6
3357	3.752436693504218e-6
3360	3.73855187211315e-6
3363	3.7247698290856084e-6
3366	3.7110899870340974e-6
3369	3.6975117685711226e-6
3372	3.6840345963091886e-6
3375	3.6706578928607993e-6
3378	3.6573810808384596e-6
3381	3.644203582854674e-6
3384	3.631124821521948e-6
3387	3.6181442194527863e-6
3390	3.6052611992596922e-6
3393	3.592475183555172e-6
3396	3.57978559495173e-6
3399	3.5671918560618707e-6
3402	3.5546933894980982e-6
3405	3.5422896178729177e-6
3408	3.5299799637988346e-6
3411	3.5177638498883525e-6
3414	3.505640698753977e-6
3417	3.4936099330082126e-6
3420	3.4816709752635635e-6
3423	3.4698232481325347e-6
3426	3.4580661742276307e-6
3429	3.4463991761613565e-6
3432	3.4348216765462164e-6
3435	3.423333097994716e-6
3438	3.411932863119359e-6
3441	3.400620394532651e-6
3444	3.3893951148470956e-6
3447	3.3782564466751984e-6
3450	3.3672038126294636e-6
3453	3.3562366353223966e-6
3456	3.345354337366501e-6
3459	3.3345563413742824e-6
3462	3.3238420699582453e-6
3465	3.3132109457308942e-6
3468	3.302662391304734e-6
3471	3.2921958292922696e-6
3474	3.2818106823060047e-6
3477	3.2715063729584455e-6
3480	3.2612823238620953e-6
3483	3.2511379576294594e-6
3486	3.241072696873043e-6
3489	3.23108596420535e-6
3492	3.221177182238886e-6
3495	3.2113457735861544e-6
3498	3.201591160859661e-6
3501	3.1919127666719095e-6
3504	3.182310013635406e-6
3507	3.1727823243626544e-6
3510	3.163329121466159e-6
3513	3.153949827558425e-6
3516	3.1446438652519573e-6
3519	3.1354106571592605e-6
3522	3.1262496258928385e-6
3525	3.1171601940651976e-6
3528	3.1081417842888407e-6
3531	3.0991938191762735e-6
3534	3.0903157213400008e-6
3537	3.081506913392527e-6
3540	3.0727668179463567e-6
3543	3.064094857613995e-6
3546	3.055490455007946e-6
3549	3.0469530327407147e-6
3552	3.038482013424806e-6
3555	3.0300768196727245e-6
3558	3.021736874096975e-6
3561	3.013461599310062e-6
3564	3.00525041792449e-6
3567	2.9971027525527643e-6
3570	2.989018025807389e-6
3573	2.978341633774265e-6
3576	2.964364877692391e-6
3579	2.9504399255706267e-6
3582	2.936566677497137e-6
3585	2.9227450335600884e-6
3588	2.9089748938476435e-6
3591	2.8952561584479695e-6
3594	2.8815887274492302e-6
3597	2.86797250093959e-6
3600	2.8544073790072145e-6
3603	2.8408932617402697e-6
3606	2.827430049226919e-6
3609	2.8140176415553284e-6
3612	2.8006559388136617e-6
3615	2.787344841090085e-6
3618	2.7740842484727624e-6
3621	2.7608740610498597e-6
3624	2.7477141789095422e-6
3627	2.734604502139973e-6
3630	2.7215449308293184e-6
3633	2.7085353650657436e-6
3636	2.695575704937413e-6
3639	2.682665850532492e-6
3642	2.6698057019391453e-6
3645	2.656995159245537e-6
3648	2.6442341225398335e-6
3651	2.6315224919101992e-6
3654	2.6188601674447987e-6
3657	2.606247049231798e-6
3660	2.59368303735936e-6
3663	2.5811680319156525e-6
3666	2.568701932988838e-6
3669	2.556284640667083e-6
3672	2.5439160550385512e-6
3675	2.5315960761914085e-6
3678	2.5193246042138204e-6
3681	2.5071015391939505e-6
3684	2.4949267812199644e-6
3687	2.4828002303800276e-6
3690	2.4707217867623038e-6
3693	2.458691350454959e-6
3696	2.4467088215461575e-6
3699	2.434774100124065e-6
3702	2.422887086276845e-6
3705	2.411047680092665e-6
3708	2.3992557816596875e-6
3711	2.3875112910660783e-6
3714	2.3758141084000034e-6
3717	2.3641641337496262e-6
3720	2.352561267203113e-6
3723	2.3410054088486273e-6
3726	2.329496458774335e-6
3729	2.3180343170684012e-6
3732	2.3066188838189907e-6
3735	2.295250059114268e-6
3738	2.2839277430423985e-6
3741	2.2726518356915475e-6
3744	2.2614222371498792e-6
3747	2.2502388475055593e-6
3750	2.239101566846752e-6
3753	2.228010295261622e-6
3756	2.216964932838336e-6
3759	2.2059653796650573e-6
3762	2.195011535829952e-6
3765	2.184103301421184e-6
3768	2.173240576526919e-6
3771	2.1624232612353212e-6
3774	2.151651255634557e-6
3777	2.1409244598127895e-6
3780	2.130242773858185e-6
3783	2.1196060978589083e-6
3786	2.109014331903124e-6
3789	2.0984673760789974e-6
3792	2.087965130474693e-6
3795	2.077507495178376e-6
3798	2.0670943702782116e-6
3801	2.0567256558623644e-6
3804	2.0464012520189997e-6
3807	2.0361210588362822e-6
3810	2.025884976402377e-6
3813	2.0156929048054493e-6
3816	2.0055447441336633e-6
3819	1.995440394475185e-6
3822	1.985379755918178e-6
3825	1.9753627285508087e-6
3828	1.9653892124612413e-6
3831	1.9554591077376413e-6
3834	1.9455723144681727e-6
3837	1.9357287327410014e-6
3840	1.9259282626442917e-6
3843	1.9161708042662093e-6
3846	1.9064562576949182e-6
3849	1.8967845230185842e-6
3852	1.887155500325372e-6
3855	1.8775690897034465e-6
3858	1.8680251912409728e-6
3861	1.8585237050261153e-6
3864	1.8490645311470398e-6
3867	1.8396475696919107e-6
3870	1.8302727207488934e-6
3873	1.8209398844061526e-6
3876	1.811648960751853e-6
3879	1.80239984987416e-6
3882	1.7931924518612382e-6
3885	1.784026666801253e-6
3888	1.7749023947823691e-6
3891	1.7658195358927513e-6
3894	1.756777990220565e-6
3897	1.7477776578539752e-6
3900	1.7388184388811463e-6
3903	1.7299002333902434e-6
3906	1.7210229414694316e-6
3909	1.712186463206876e-6
3912	1.7033906986907416e-6
3915	1.6946355480091929e-6
3918	1.6859209112503954e-6
3921	1.677246688502514e-6
3924	1.668612779853713e-6
3927	1.6600190853921581e-6
3930	1.6514655052060142e-6
3933	1.6429519393834461e-6
3936	1.6344782880126185e-6
3939	1.6260444511816968e-6
3942	1.6176503289788457e-6
3945	1.6092958214922303e-6
3948	1.6009808288100156e-6
3951	1.5927052510203666e-6
3954	1.5844689882114476e-6
3957	1.5762719404714246e-6
3960	1.568114007888462e-6
3963	1.5599950905507246e-6
3966	1.551915088546378e-6
3969	1.5438739019635862e-6
3972	1.535871430890515e-6
3975	1.5279075754153291e-6
3978	1.5199822356261938e-6
3981	1.5120953116112735e-6
3984	1.5042467034587332e-6
3987	1.4964363112567383e-6
3990	1.4886640350934535e-6
3993	1.4809297750570434e-6
3996	1.4732334312356738e-6
3999	1.4655749037175092e-6
4002	1.4579540925907142e-6
4005	1.4503708979434544e-6
4008	1.4428252198638943e-6
4011	1.4353169584401992e-6
4014	1.4278460137605342e-6
4017	1.4204122859130638e-6
4020	1.4130156749859529e-6
4023	1.4056560810673668e-6
4026	1.3983334042454704e-6
4029	1.3910475446084288e-6
4032	1.3837984022444068e-6
4035	1.3765858772415696e-6
4038	1.3694098696880816e-6
4041	1.362270279672108e-6
4044	1.355167007281814e-6
4047	1.3480999526053646e-6
4050	1.3410690157309247e-6
4053	1.3340740967466586e-6
4056	1.3271150957407324e-6
4059	1.3201919128013103e-6
4062	1.3133044480165574e-6
4065	1.3064526014746387e-6
4068	1.2996362732637193e-6
4071	1.2928553634719641e-6
4074	1.2861097721875377e-6
4077	1.2793993994986055e-6
4080	1.2727241454933329e-6
4083	1.2660839102598836e-6
4086	1.2594785938864237e-6
4089	1.2529080964611172e-6
4092	1.2463723180721302e-6
4095	1.2398711588076268e-6
4098	1.2334045187557721e-6
4101	1.2269722980047313e-6
4104	1.2205743966426692e-6
4107	1.214210714757751e-6
4110	1.2078811524381413e-6
4113	1.2015856097720054e-6
4116	1.1953239868475081e-6
4119	1.1890961837528143e-6
4122	1.182902100576089e-6
4125	1.1767416374054974e-6
4128	1.170614694329204e-6
4131	1.1645211714353744e-6
4134	1.1584609688121728e-6
4137	1.1524339865477648e-6
4140	1.1464401247303152e-6
4143	1.1404792834479886e-6
4146	1.1345513627889503e-6
4149	1.1286562628413653e-6
4152	1.1227938836933985e-6
4155	1.116964125433215e-6
4158	1.1111668881489793e-6
4161	1.105402071928857e-6
4164	1.0996695768610126e-6
4167	1.093969303033611e-6
4170	1.0883011505348178e-6
4173	1.0826650194527972e-6
4176	1.0770608098757144e-6
4179	1.0714884218917348e-6
4182	1.0659477555890228e-6
4185	1.0604387110557436e-6
4188	1.0549611883800623e-6
4191	1.0495150876501436e-6
4194	1.0441003089541527e-6
4197	1.0387167523802544e-6
4200	1.0333643180166136e-6
4203	1.0280429059513955e-6
4206	1.0227524162727649e-6
4209	1.0174927490688867e-6
4212	1.0122638044279261e-6
4215	1.0070654824380477e-6
4218	1.001897683187417e-6
4221	9.967603067641986e-7
4224	9.916532532565575e-7
4227	9.865764227526585e-7
4230	9.81529715340667e-7
4233	9.765130311087476e-7
4236	9.715262701450653e-7
4239	9.665693325377854e-7
4242	9.616421183750725e-7
4245	9.567445277450916e-7
4248	9.518764607360077e-7
4251	9.470378174359859e-7
4254	9.42228497933191e-7
4257	9.374484023157881e-7
4260	9.326974306719422e-7
4263	9.27975483089818e-7
4266	9.232824596575806e-7
4269	9.18618260463395e-7
4272	9.139827855954262e-7
4275	9.09375935141839e-7
4278	9.047976091907986e-7
4281	9.0024770783047e-7
4284	8.957261311490177e-7
4287	8.912327792346071e-7
4290	8.867675521754031e-7
4293	8.823303500595705e-7
4296	8.779210729752745e-7
4299	8.735396210106798e-7
4302	8.691858942539515e-7
4305	8.648597927932546e-7
4308	8.605612167167541e-7
4311	8.562900661126148e-7
4314	8.520462410690017e-7
4317	8.478296416740799e-7
4320	8.436401680160143e-7
4323	8.394777201829697e-7
4326	8.353421982631113e-7
4329	8.312335023446041e-7
4332	8.271515325156128e-7
4335	8.230961888643024e-7
4338	8.190673714788381e-7
4341	8.150649804473847e-7
4344	8.110889158581072e-7
4347	8.071390777991707e-7
4350	8.032153663587398e-7
4353	7.993176816249797e-7
4356	7.954459236860554e-7
4359	7.915999926301318e-7
4362	7.877797885453739e-7
4365	7.839852115199467e-7
4368	7.80216161642015e-7
4371	7.764725389997439e-7
4374	7.727542436812984e-7
4377	7.690611757748434e-7
4380	7.653932353685436e-7
4383	7.617503225505646e-7
4386	7.581323374090708e-7
4389	7.545391800322275e-7
4392	7.509707505081993e-7
4395	7.474269489251515e-7
4398	7.43907675371249e-7
4401	7.404128299346566e-7
4404	7.369423127035395e-7
4407	7.334960237660623e-7
4410	7.300738632103904e-7
4413	7.266757311246887e-7
4416	7.233015275971218e-7
4419	7.19951152715855e-7
4422	7.166245065690532e-7
4425	7.133214892448813e-7
4428	7.100420008315042e-7
4431	7.067859414170871e-7
4434	7.035532110897946e-7
4437	7.003437099377921e-7
4440	6.971573380492443e-7
4443	6.939939955123161e-7
4446	6.908535824151727e-7
4449	6.877359988459788e-7
4452	6.846411448928997e-7
4455	6.815689206441e-7
4458	6.78519226187745e-7
4461	6.754919616119993e-7
4464	6.724870270050283e-7
4467	6.695043224549965e-7
4470	6.665437480500692e-7
4473	6.636052038784112e-7
4476	6.606885900281876e-7
4479	6.577938065875631e-7
4482	6.54920753644703e-7
4485	6.520693312877721e-7
4488	6.492394396049355e-7
4491	6.464309786843577e-7
4494	6.436438486142042e-7
4497	6.406758947983797e-7
4500	6.367822033063189e-7
4503	6.329080788907981e-7
4506	6.290534792112913e-7
4509	6.252183619272717e-7
4512	6.214026846982132e-7
4515	6.176064051835893e-7
4518	6.138294810428735e-7
4521	6.100718699355396e-7
4524	6.063335295210611e-7
4527	6.026144174589116e-7
4530	5.989144914085647e-7
4533	5.952337090294942e-7
4536	5.915720279811735e-7
4539	5.879294059230761e-7
4542	5.84305800514676e-7
4545	5.807011694154464e-7
4548	5.771154702848612e-7
4551	5.735486607823939e-7
4554	5.70000698567518e-7
4557	5.664715412997074e-7
4560	5.629611466384354e-7
4563	5.594694722431759e-7
4566	5.559964757734021e-7
4569	5.525421148885881e-7
4572	5.491063472482071e-7
4575	5.45689130511733e-7
4578	5.422904223386393e-7
4581	5.389101803883995e-7
4584	5.355483623204872e-7
4587	5.322049257943763e-7
4590	5.288798284695401e-7
4593	5.255730280054524e-7
4596	5.222844820615867e-7
4599	5.190141482974167e-7
4602	5.157619843724159e-7
4605	5.12527947946058e-7
4608	5.093119966778166e-7
4611	5.061140882271652e-7
4614	5.029341802535775e-7
4617	4.997722304165272e-7
4620	4.966281963754877e-7
4623	4.935020357899328e-7
4626	4.90393706319336e-7
4629	4.873031656231708e-7
4632	4.842303713609111e-7
4635	4.811752811920304e-7
4638	4.781378527760023e-7
4641	4.7511804377230016e-7
4644	4.72115811840398e-7
4647	4.691311146397691e-7
4650	4.661639098298872e-7
4653	4.6321415507022603e-7
4656	4.60281808020259e-7
4659	4.573668263394598e-7
4662	4.5446916768730203e-7
4665	4.5158878972325934e-7
4668	4.4872565010680526e-7
4671	4.458797064974135e-7
4674	4.430509165545576e-7
4677	4.402392379377111e-7
4680	4.3744462830634777e-7
4683	4.3466704531994117e-7
4686	4.3190644663796487e-7
4689	4.2916278991989246e-7
4692	4.2643603282519755e-7
4695	4.237261330133538e-7
4698	4.210330481438348e-7
4701	4.183567358761142e-7
4704	4.156971538696655e-7
4707	4.1305425978396245e-7
4710	4.104280112784785e-7
4713	4.0781836601268735e-7
4716	4.0522528164606265e-7
4719	4.0264871583807787e-7
4722	4.0008862624820683e-7
4725	3.9754497053592286e-7
4728	3.9501770636069986e-7
4731	3.9250679138201124e-7
4734	3.9001218325933074e-7
4737	3.875338396521319e-7
4740	3.850717182198883e-7
4743	3.8262577662207355e-7
4746	3.8019597251816137e-7
4749	3.777822635676252e-7
4752	3.753846074299388e-7
4755	3.730029617645757e-7
4758	3.706372842310095e-7
4761	3.6828753248871394e-7
4764	3.659536641971624e-7
4767	3.6363563701582866e-7
4770	3.6133340860418627e-7
4773	3.5904693662170893e-7
4776	3.567761787278701e-7
4779	3.545210925821434e-7
4782	3.5228163584400256e-7
4785	3.5005776617292114e-7
4788	3.478494412283728e-7
4791	3.45656618669831e-7
4794	3.4347925615676944e-7
4797	3.4131731134866176e-7
4800	3.3917074190498146e-7
4803	3.370395054852024e-7
4806	3.3492355974879785e-7
4809	3.3282286235524164e-7
4812	3.3073737096400724e-7
4815	3.286670432345684e-7
4818	3.266118368263986e-7
4821	3.245717093989717e-7
4824	3.2254661861176097e-7
4827	3.205365221242402e-7
4830	3.185413775958831e-7
4833	3.1656114268616295e-7
4836	3.1459577505455374e-7
4839	3.126452323605288e-7
4842	3.107094722635618e-7
4845	3.0878845242312647e-7
4848	3.068821304986963e-7
4851	3.04990464149745e-7
4854	3.0311341103574607e-7
4857	3.012509288161732e-7
4860	2.994029751504999e-7
4863	2.9756950769819994e-7
4866	2.9575048411874676e-7
4869	2.93945862071614e-7
4872	2.921555992162753e-7
4875	2.903796532122044e-7
4878	2.886179817188748e-7
4881	2.8687054239575993e-7
4884	2.8513729290233376e-7
4887	2.8341819089806957e-7
4890	2.8171319404244116e-7
4893	2.8002225999492207e-7
4896	2.783453464149859e-7
4899	2.766824109621063e-7
4902	2.7503341129575694e-7
4905	2.733983050754113e-7
4908	2.71777049960543e-7
4911	2.701696036106257e-7
4914	2.68575923685133e-7
4917	2.6699596784353854e-7
4920	2.6542969374531595e-7
4923	2.638770590499387e-7
4926	2.623380214168804e-7
4929	2.608125385056149e-7
4932	2.593005679756155e-7
4935	2.578020674863561e-7
4938	2.5631699469731014e-7
4941	2.548453072679512e-7
4944	2.5338696285775296e-7
4947	2.519419191261891e-7
4950	2.505101337327331e-7
4953	2.4909156433685857e-7
4956	2.476861685980392e-7
4959	2.462939041757486e-7
4962	2.4491472872946026e-7
4965	2.43548599918648e-7
4968	2.4219547540278517e-7
4971	2.408553128413456e-7
4974	2.3952806989380273e-7
4977	2.382137042196303e-7
4980	2.3691217347830184e-7
4983	2.3562343532929097e-7
4986	2.3434744743207133e-7
4989	2.3308416744611655e-7
4992	2.318335530309002e-7
4995	2.3059556184589584e-7
4998	2.2937015155057715e-7
5001	2.281572798044178e-7
5004	2.269569042668912e-7
5007	2.2576898259747113e-7
5010	2.2459347245563117e-7
5013	2.234303315008449e-7
5016	2.222795173925859e-7
5019	2.2114098779032784e-7
5022	2.2001470035354432e-7
5025	2.1890061274170893e-7
5028	2.1779868261429525e-7
5031	2.1670886763077692e-7
5034	2.1563112545062757e-7
5037	2.145654137333208e-7
5040	2.1351169013833017e-7
5043	2.1246991232512936e-7
5046	2.114400379531919e-7
5049	2.1042202468199147e-7
5052	2.0941583017100168e-7
5055	2.0842141207969608e-7
5058	2.0743872806754834e-7
5061	2.0646773579403204e-7
5064	2.055083929186208e-7
5067	2.0456065710078819e-7
5070	2.0362448600000787e-7
5073	2.0269983727575343e-7
5076	2.017866685874985e-7
5079	2.0088493759471657e-7
5082	1.9999460195688141e-7
5085	1.9911561933346662e-7
5088	1.9824794738394562e-7
5091	1.9739154376779223e-7
5094	1.9654636614447997e-7
5097	1.9571237217348246e-7
5100	1.9488951951427332e-7
5103	1.9407776582632614e-7
5106	1.9327706876911452e-7
5109	1.924873860021121e-7
5112	1.917086751847925e-7
5115	1.909408939766293e-7
5118	1.9018400003709605e-7
5121	1.894379510256665e-7
5124	1.8870270460181416e-7
5127	1.8797821842501267e-7
5130	1.872644501547356e-7
5133	1.865613574504566e-7
5136	1.8586889797164926e-7
5139	1.851870293777872e-7
5142	1.8451570932834405e-7
5145	1.8385489548279334e-7
5148	1.8320454550060872e-7
5151	1.825646170412639e-7
5154	1.8193506776423235e-7
5157	1.8131585532898777e-7
5160	1.8070693739500366e-7
5163	1.8010827162175375e-7
5166	1.795198156687116e-7
5169	1.789415271953508e-7
5172	1.7837336386114502e-7
5175	1.7781528332556776e-7
5178	1.7726724324809275e-7
5181	1.7672920128819352e-7
5184	1.762011151053437e-7
5187	1.756829423590169e-7
5190	1.751746407086867e-7
5193	1.7467616781382679e-7
5196	1.7418748133391073e-7
5199	1.737085389284121e-7
5202	1.732392982568045e-7
5205	1.7277971697856162e-7
5208	1.7232975275315704e-7
5211	1.7188936324006434e-7
5214	1.7145850609875711e-7
5217	1.7103713898870902e-7
5220	1.7062521956939366e-7
5223	1.7022270550028462e-7
5226	1.6982955444085553e-7
5229	1.6944572405058002e-7
5232	1.690711719889316e-7
5235	1.6870585591538399e-7
5238	1.6834973348941072e-7
5241	1.6800276237048547e-7
5244	1.676649002180818e-7
5247	1.6733610469167336e-7
5250	1.670163334507337e-7
5253	1.6670554415473643e-7
5256	1.6640369446315522e-7
5259	1.6611074203546364e-7
5262	1.6582664453113534e-7
5265	1.655513596096439e-7
5268	1.6528484493046286e-7
5271	1.650270581530659e-7
5274	1.647779569369267e-7
5277	1.6453749894151878e-7
5280	1.6430564182631572e-7
5283	1.6408234325079118e-7
5286	1.6386756087441878e-7
5289	1.636612523566721e-7
5292	1.6346337535702478e-7
5295	1.6327388753495035e-7
5298	1.630927465499225e-7
5301	1.6291991006141486e-7
5304	1.6275533572890094e-7
5307	1.625989812118544e-7
5310	1.6245080416974888e-7
5313	1.6231076226205798e-7
5316	1.6217881314825525e-7
5319	1.6205491448781436e-7
5322	1.6193902394020888e-7
5325	1.6183109916491247e-7
5328	1.6173109782139865e-7
5331	1.6163897756914116e-7
5334	1.6155469606761348e-7
5337	1.614782109762893e-7
5340	1.6140947995464221e-7
5343	1.613484606621458e-7
5346	1.612951107582737e-7
5349	1.612493879024995e-7
5352	1.612112497542968e-7
5355	1.6118065397313927e-7
5358	1.6115755821850046e-7
5361	1.61141920149854e-7
5364	1.6113369742667345e-7
5367	1.6113284770843251e-7
5370	1.6113932865460477e-7
5373	1.6115309792466378e-7
5376	1.6117411317808314e-7
5379	1.6120233207433654e-7
5382	1.6123771227289754e-7
5385	1.6128021143323977e-7
5388	1.6132978721483686e-7
5391	1.6138639727716233e-7
5394	1.614499992796899e-7
5397	1.615205508818931e-7
5400	1.6159800974324557e-7
5403	1.616823335232209e-7
5406	1.617734798812927e-7
5409	1.6187140647693463e-7
5412	1.6197607096962025e-7
5415	1.6208743101882318e-7
5418	1.6220544428401696e-7
5421	1.6233006842467533e-7
5424	1.6246126110027185e-7
5427	1.625989799702801e-7
5430	1.6274318269417366e-7
5433	1.6289382693142623e-7
5436	1.6305087034151135e-7
5439	1.6321427058390269e-7
5442	1.633839853180738e-7
5445	1.635599722034983e-7
5448	1.6374218889964984e-7
5451	1.6393059306600197e-7
5454	1.6412514236202835e-7
5457	1.6432579444720254e-7
5460	1.6453250698099819e-7
5463	1.647452376228889e-7
5466	1.6496394403234824e-7
5469	1.651885838688499e-7
5472	1.6541911479186736e-7
5475	1.656554944608744e-7
5478	1.658976805353445e-7
5481	1.661456306747513e-7
5484	1.6639930253856845e-7
5487	1.6665865378626947e-7
5490	1.669236420773281e-7
5493	1.6719422507121782e-7
5496	1.674703604274123e-7
5499	1.6775200580538518e-7
5502	1.6803911886461e-7
5505	1.6833165726456042e-7
5508	1.6862957866471e-7
5511	1.689328407245324e-7
5514	1.692414011035012e-7
5517	1.6955521746109e-7
5520	1.698742474567725e-7
5523	1.7019844875002217e-7
5526	1.7052777900031268e-7
5529	1.7086219586711764e-7
5532	1.712016570099107e-7
5535	1.7154612008816541e-7
5538	1.718955427613554e-7
5541	1.722498826889543e-7
5544	1.7260909753043568e-7
5547	1.729731449452732e-7
5550	1.7334198259294038e-7
5553	1.7371556813291092e-7
5556	1.7409385922465838e-7
5559	1.744768135276564e-7
5562	1.7486438870137854e-7
5565	1.752565424052985e-7
5568	1.756532322988898e-7
5571	1.7605441604162608e-7
5574	1.7646005129298092e-7
5577	1.7687009571242797e-7
5580	1.7728450695944086e-7
5583	1.7770324269349313e-7
5586	1.7812626057405845e-7
5589	1.7855351826061044e-7
5592	1.7898497341262262e-7
5595	1.7942058368956865e-7
5598	1.7986030675092215e-7
5601	1.8030410025615673e-7
5604	1.8075192186474598e-7
5607	1.8120372923616354e-7
5610	1.8165948002988294e-7
5613	1.8211913190537792e-7
5616	1.8258264252212197e-7
5619	1.8304996953958877e-7
5622	1.835210706172519e-7
5625	1.8399590341458496e-7
5628	1.8447442559106157e-7
5631	1.8495659480615534e-7
5634	1.854423687193399e-7
5637	1.8593170499008886e-7
5640	1.8642456127787577e-7
5643	1.8692089524217426e-7
5646	1.87420664542458e-7
5649	1.8792382683820052e-7
5652	1.884303397888755e-7
5655	1.8894016105395647e-7
5658	1.8945324829291712e-7
5661	1.8985224665467027e-7
5664	1.8910047940873666e-7
5667	1.883505484150893e-7
5670	1.8760245153682135e-7
5673	1.868561866370259e-7
5676	1.8611175157879603e-7
5679	1.8536914422522483e-7
5682	1.8462836243940546e-7
5685	1.8388940408443097e-7
5688	1.8315226702339448e-7
5691	1.8241694911938912e-7
5694	1.81683448235508e-7
5697	1.8095176223484415e-7
5700	1.8022188898049072e-7
5703	1.7949382633554078e-7
5706	1.7876757216308752e-7
5709	1.7804312432622394e-7
5712	1.7732048068804322e-7
5715	1.7659963911163843e-7
5718	1.7588059746010266e-7
5721	1.7516335359652902e-7
5724	1.7444790538401062e-7
5727	1.7373425068564055e-7
5730	1.7302238736451197e-7
5733	1.7231231328371788e-7
5736	1.7160402630635148e-7
5739	1.7089752429550583e-7
5742	1.7019280511427406e-7
5745	1.6948986662574922e-7
5748	1.687887066930245e-7
5751	1.6808932317919286e-7
5754	1.6739171394734752e-7
5757	1.6669587686058158e-7
5760	1.6600180978198812e-7
5763	1.6530951057466022e-7
5766	1.6461897710169099e-7
5769	1.6393020722617354e-7
5772	1.63243198811201e-7
5775	1.6255794971986643e-7
5778	1.6187445781526297e-7
5781	1.6119272096048372e-7
5784	1.6051273701862176e-7
5787	1.598345038527702e-7
5790	1.5915801932602213e-7
5793	1.5848328130147066e-7
5796	1.578102876422089e-7
5799	1.5713903621133e-7
5802	1.5646952487192697e-7
5805	1.55801751487093e-7
5808	1.5513571391992115e-7
5811	1.544714100335045e-7
5814	1.5380883769093617e-7
5817	1.531479947553093e-7
5820	1.5248887908971698e-7
5823	1.5183148855725226e-7
5826	1.511758210210083e-7
5829	1.5052187434407817e-7
5832	1.49869646389555e-7
5835	1.492191350205319e-7
5838	1.485703381001019e-7
5841	1.4792325349135819e-7
5844	1.4727787905739383e-7
5847	1.4663421266130196e-7
5850	1.4599225216617562e-7
5853	1.4535199543510799e-7
5856	1.4471344033119207e-7
5859	1.4407658471752105e-7
5862	1.4344142645718802e-7
5865	1.4280796341328605e-7
5868	1.421761934489083e-7
5871	1.415461144271478e-7
5874	1.4091772421109773e-7
5877	1.402910206638511e-7
5880	1.396660016485011e-7
5883	1.3904266502814078e-7
5886	1.3842100866586324e-7
5889	1.3780103042476165e-7
5892	1.3718272816792903e-7
5895	1.3656609975845855e-7
5898	1.3595114305944325e-7
5901	1.353378559339763e-7
5904	1.3472623624515073e-7
5907	1.341162818560597e-7
5910	1.3350799062979628e-7
5913	1.329013604294536e-7
5916	1.3229638911812477e-7
5919	1.3169307455890288e-7
5922	1.3109141461488097e-7
5925	1.3049140714915225e-7
5928	1.2989305002480976e-7
5931	1.2929634110494663e-7
5934	1.287012782526559e-7
5937	1.2810785933103076e-7
5940	1.2751608220316426e-7
5943	1.2692594473214954e-7
5946	1.2633744478107965e-7
5949	1.2575058021304775e-7
5952	1.251653488911469e-7
5955	1.2458174867847022e-7
5958	1.239997774381108e-7
5961	1.2341943303316177e-7
5964	1.2284071332671622e-7
5967	1.2226361618186726e-7
5970	1.2168813946170797e-7
5973	1.2111428102933145e-7
5976	1.2054203874783086e-7
5979	1.1997141048029925e-7
5982	1.1940239408982972e-7
5985	1.1883498743951539e-7
5988	1.1826918839244938e-7
5991	1.1770499481172475e-7
5994	1.1714240456043464e-7
5997	1.1658141550167214e-7