#   W       w(lab)    sigT     sigL     sigLT   sigLT'   sigTT'   sigL0    sigLT0  sigLT0'
# (MeV)     (MeV)     (mcb)    (mcb)    (mcb)    (mcb)    (mcb)    (mcb)    (mcb)    (mcb)
 1080.0    152.4     20.65      .00      .00      .00   -19.22     6.03      .01    -9.97
 1085.0    158.2     51.02      .00      .00      .00   -44.68    16.25      .08   -23.85
 1090.0    164.0     66.28      .00      .00      .00   -54.21    22.64      .15   -29.90
 1095.0    169.8     76.85      .00      .00      .00   -58.23    27.77      .21   -33.33
 1100.0    175.7     85.06      .00      .00      .00   -59.17    32.14      .26   -35.34
 1105.0    181.5     91.83      .00      .00      .00   -58.03    35.93      .31   -36.41
 1110.0    187.4     97.74      .00      .00      .00   -55.39    39.25      .34   -36.81
 1115.0    193.4    103.17      .00      .00      .00   -51.62    42.18      .37   -36.75
 1120.0    199.3    108.38      .00      .00      .00   -46.95    44.78      .37   -36.34
 1125.0    205.3    113.56      .00      .00      .00   -41.50    47.10      .36   -35.65
 1130.0    211.3    118.90      .00      .00      .00   -35.36    49.16      .33   -34.74
 1135.0    217.4    124.54      .00      .00      .00   -28.59    51.01      .26   -33.65
 1140.0    223.4    130.63      .00      .00      .00   -21.20    52.65      .16   -32.41
 1145.0    229.5    137.30      .00      .00      .00   -13.21    54.12      .01   -31.03
 1150.0    235.6    144.69      .00      .00      .00    -4.60    55.43     -.20   -29.53
 1155.0    241.8    152.93      .00      .00      .00     4.60    56.59     -.47   -27.93
 1160.0    247.9    162.11      .00      .00      .00    14.38    57.60     -.82   -26.24
 1165.0    254.1    172.32      .00      .00      .00    24.67    58.48    -1.26   -24.47
 1170.0    260.3    183.51      .00      .00      .00    35.33    59.20    -1.80   -22.65
 1175.0    266.6    195.57      .00      .00      .00    46.12    59.77    -2.45   -20.82
 1180.0    272.9    208.19      .00      .00      .00    56.66    60.17    -3.21   -19.02
 1185.0    279.2    220.85      .00      .00      .00    66.42    60.38    -4.07   -17.33
 1190.0    285.5    232.76      .00      .00      .00    74.74    60.38    -5.01   -15.82
 1195.0    291.9    242.96      .00      .00      .00    80.87    60.18    -6.00   -14.60
 1200.0    298.2    250.40      .00      .00      .00    84.10    59.77    -6.91   -13.74
 1205.0    304.6    254.17      .00      .00      .00    83.95    59.17    -7.75   -13.30
 1210.0    311.1    253.80      .00      .00      .00    80.34    58.44    -8.41   -13.28
 1215.0    317.5    249.32      .00      .00      .00    73.63    57.62    -8.85   -13.65
 1220.0    324.0    241.29      .00      .00      .00    64.54    56.79    -9.06   -14.32
 1225.0    330.5    230.63      .00      .00      .00    54.01    55.99    -9.06   -15.17
 1230.0    337.1    218.37      .00      .00      .00    42.92    55.27    -8.85   -16.11
 1235.0    343.6    205.48      .00      .00      .00    32.05    54.64    -8.46   -17.04
 1240.0    350.2    192.69      .00      .00      .00    21.90    54.12    -7.95   -17.89
 1245.0    356.9    180.50      .00      .00      .00    12.80    53.69    -7.36   -18.63
 1250.0    363.5    169.21      .00      .00      .00     4.86    53.34    -6.74   -19.23
 1255.0    370.2    158.98      .00      .00      .00    -1.90    53.05    -6.11   -19.71
 1260.0    376.9    149.83      .00      .00      .00    -7.57    52.81    -5.49   -20.06
 1265.0    383.6    141.69      .00      .00      .00   -12.25    52.60    -4.88   -20.30
 1270.0    390.4    134.51      .00      .00      .00   -16.07    52.40    -4.31   -20.45
 1275.0    397.2    128.18      .00      .00      .00   -19.14    52.22    -3.76   -20.52
 1280.0    404.0    122.62      .00      .00      .00   -21.58    52.04    -3.26   -20.52
 1285.0    410.8    117.73      .00      .00      .00   -23.49    51.85    -2.78   -20.47
 1290.0    417.7    113.42      .00      .00      .00   -24.95    51.64    -2.34   -20.38
 1295.0    424.5    109.62      .00      .00      .00   -26.03    51.42    -1.94   -20.27
 1300.0    431.5    106.24      .00      .00      .00   -26.82    51.18    -1.55   -20.14
 1305.0    438.4    103.28      .00      .00      .00   -27.30    50.91    -1.21   -20.00
 1310.0    445.4    100.66      .00      .00      .00   -27.55    50.62     -.90   -19.85
 1315.0    452.4     98.31      .00      .00      .00   -27.60    50.30     -.62   -19.71
 1320.0    459.4     96.22      .00      .00      .00   -27.48    49.95     -.36   -19.58
 1325.0    466.4     94.36      .00      .00      .00   -27.20    49.57     -.13   -19.47
 1330.0    473.5     92.70      .00      .00      .00   -26.79    49.16      .07   -19.38
 1335.0    480.6     91.19      .00      .00      .00   -26.25    48.72      .25   -19.31
 1340.0    487.7     89.85      .00      .00      .00   -25.61    48.26      .41   -19.28
 1345.0    494.9     88.64      .00      .00      .00   -24.86    47.78      .55   -19.27
 1350.0    502.1     87.56      .00      .00      .00   -24.02    47.29      .68   -19.29
 1355.0    509.3     86.58      .00      .00      .00   -23.09    46.79      .79   -19.34
 1360.0    516.5     85.70      .00      .00      .00   -22.08    46.29      .89   -19.41
 1365.0    523.8     84.93      .00      .00      .00   -21.00    45.81      .99   -19.51
 1370.0    531.1     84.27      .00      .00      .00   -19.85    45.35     1.09   -19.62
 1375.0    538.4     83.70      .00      .00      .00   -18.63    44.93     1.19   -19.74
 1380.0    545.7     83.23      .00      .00      .00   -17.35    44.54     1.30   -19.85
 1385.0    553.1     82.86      .00      .00      .00   -16.03    44.21     1.42   -19.97
 1390.0    560.5     82.60      .00      .00      .00   -14.65    43.92     1.56   -20.08
 1395.0    567.9     82.47      .00      .00      .00   -13.22    43.69     1.71   -20.18
 1400.0    575.3     82.45      .00      .00      .00   -11.74    43.51     1.89   -20.27
 1405.0    582.8     82.57      .00      .00      .00   -10.23    43.39     2.08   -20.34
 1410.0    590.3     82.82      .00      .00      .00    -8.67    43.33     2.30   -20.40
 1415.0    597.8     83.21      .00      .00      .00    -7.07    43.31     2.54   -20.44
 1420.0    605.4     83.74      .00      .00      .00    -5.42    43.35     2.81   -20.47
 1425.0    613.0     84.44      .00      .00      .00    -3.72    43.43     3.10   -20.48
 1430.0    620.6     85.30      .00      .00      .00    -1.98    43.56     3.42   -20.48
 1435.0    628.2     86.32      .00      .00      .00     -.20    43.73     3.76   -20.48
 1440.0    635.9     87.50      .00      .00      .00     1.63    43.93     4.13   -20.46
 1445.0    643.6     88.86      .00      .00      .00     3.50    44.17     4.54   -20.44
 1450.0    651.3     90.38      .00      .00      .00     5.39    44.44     4.98   -20.41
 1455.0    659.0     92.07      .00      .00      .00     7.28    44.74     5.46   -20.38
 1460.0    666.8     93.88      .00      .00      .00     9.18    45.04     5.98   -20.34
 1465.0    674.6     95.76      .00      .00      .00    11.03    45.34     6.54   -20.29
 1470.0    682.4     97.74      .00      .00      .00    12.71    45.62     7.16   -20.24
 1475.0    690.2     99.76      .00      .00      .00    14.15    45.88     7.84   -20.20
 1480.0    698.1    101.35      .00      .00      .00    15.62    46.03     8.55   -20.00
 1485.0    706.0    102.14      .00      .00      .00    17.27    46.02     9.25   -19.58
 1490.0    713.9    100.19      .00      .00      .00    20.76    45.97     9.99   -18.56
 1495.0    721.9     98.20      .00      .00      .00    23.16    45.86    10.58   -17.82
 1500.0    729.9     95.90      .00      .00      .00    24.54    45.63    11.07   -17.24
 1505.0    737.9     92.86      .00      .00      .00    25.22    45.22    11.45   -16.63
 1510.0    745.9     89.05      .00      .00      .00    25.29    44.64    11.70   -16.00
 1515.0    754.0     84.54      .00      .00      .00    24.80    43.91    11.77   -15.37
 1520.0    762.1     79.61      .00      .00      .00    23.96    43.09    11.68   -14.77
 1525.0    770.2     74.48      .00      .00      .00    22.87    42.22    11.42   -14.19
 1530.0    778.3     69.38      .00      .00      .00    21.62    41.33    11.03   -13.67
 1535.0    786.5     64.65      .00      .00      .00    20.34    40.45    10.55   -13.21
 1540.0    794.7     60.42      .00      .00      .00    19.11    39.61    10.02   -12.84
 1545.0    802.9     56.81      .00      .00      .00    17.98    38.83     9.48   -12.52
 1550.0    811.1     53.84      .00      .00      .00    16.97    38.11     8.97   -12.27
 1555.0    819.4     51.51      .00      .00      .00    16.11    37.46     8.50   -12.06
 1560.0    827.7     49.76      .00      .00      .00    15.40    36.85     8.10   -11.87
 1565.0    836.0     48.55      .00      .00      .00    14.85    36.29     7.76   -11.70
 1570.0    844.4     47.80      .00      .00      .00    14.44    35.77     7.49   -11.54
 1575.0    852.8     47.45      .00      .00      .00    14.19    35.30     7.27   -11.37
 1580.0    861.2     47.42      .00      .00      .00    14.13    34.87     7.10   -11.19
 1585.0    869.6     47.65      .00      .00      .00    14.27    34.47     6.96   -10.99
 1590.0    878.1     48.06      .00      .00      .00    14.65    34.11     6.85   -10.76
 1595.0    886.6     48.61      .00      .00      .00    15.26    33.78     6.77   -10.48
 1600.0    895.1     49.28      .00      .00      .00    16.10    33.50     6.72   -10.17
 1605.0    903.6     50.04      .00      .00      .00    17.15    33.25     6.70    -9.84
 1610.0    912.2     50.89      .00      .00      .00    18.37    33.03     6.72    -9.49
 1615.0    920.8     51.82      .00      .00      .00    19.71    32.83     6.78    -9.13
 1620.0    929.4     52.80      .00      .00      .00    21.16    32.64     6.87    -8.77
 1625.0    938.0     53.81      .00      .00      .00    22.66    32.45     6.99    -8.41
 1630.0    946.7     54.79      .00      .00      .00    24.16    32.23     7.13    -8.04
 1635.0    955.4     55.67      .00      .00      .00    25.60    31.95     7.29    -7.66
 1640.0    964.1     56.37      .00      .00      .00    26.92    31.61     7.44    -7.26
 1645.0    972.9     56.80      .00      .00      .00    28.06    31.17     7.58    -6.84
 1650.0    981.7     56.86      .00      .00      .00    28.96    30.63     7.70    -6.40
 1655.0    990.5     56.47      .00      .00      .00    29.47    30.00     7.77    -5.93
 1660.0    999.3     55.59      .00      .00      .00    29.64    29.28     7.80    -5.45
 1665.0   1008.2     54.24      .00      .00      .00    29.44    28.49     7.78    -4.95
 1670.0   1017.1     52.45      .00      .00      .00    28.88    27.67     7.70    -4.46
 1675.0   1026.0     50.29      .00      .00      .00    27.98    26.86     7.58    -3.98
 1680.0   1034.9     47.85      .00      .00      .00    26.83    26.10     7.41    -3.51
 1685.0   1043.9     45.25      .00      .00      .00    25.51    25.42     7.20    -3.07
 1690.0   1052.9     42.57      .00      .00      .00    24.10    24.84     6.96    -2.65
 1695.0   1061.9     39.90      .00      .00      .00    22.68    24.36     6.69    -2.28
 1700.0   1070.9     37.31      .00      .00      .00    21.29    23.99     6.39    -1.96
 1705.0   1080.0     34.85      .00      .00      .00    19.99    23.73     6.07    -1.68
 1710.0   1089.1     32.57      .00      .00      .00    18.79    23.55     5.75    -1.45
 1715.0   1098.2     30.48      .00      .00      .00    17.69    23.46     5.43    -1.27
 1720.0   1107.4     28.59      .00      .00      .00    16.70    23.42     5.12    -1.13
 1725.0   1116.6     26.89      .00      .00      .00    15.80    23.44     4.81    -1.02
 1730.0   1125.8     25.38      .00      .00      .00    14.99    23.49     4.52     -.94
 1735.0   1135.0     24.04      .00      .00      .00    14.26    23.57     4.24     -.88
 1740.0   1144.3     22.86      .00      .00      .00    13.62    23.67     3.98     -.85
 1745.0   1153.5     21.82      .00      .00      .00    13.03    23.77     3.73     -.83
 1750.0   1162.9     20.90      .00      .00      .00    12.50    23.88     3.49     -.82
 1755.0   1172.2     20.09      .00      .00      .00    12.04    23.98     3.26     -.82
 1760.0   1181.6     19.38      .00      .00      .00    11.62    24.07     3.04     -.83
 1765.0   1190.9     18.75      .00      .00      .00    11.24    24.16     2.83     -.84
 1770.0   1200.4     18.19      .00      .00      .00    10.89    24.24     2.63     -.86
 1775.0   1209.8     17.69      .00      .00      .00    10.57    24.30     2.43     -.89
 1780.0   1219.3     17.25      .00      .00      .00    10.27    24.34     2.25     -.91
 1785.0   1228.8     16.86      .00      .00      .00     9.99    24.38     2.07     -.94
 1790.0   1238.3     16.50      .00      .00      .00     9.72    24.40     1.90     -.97
 1795.0   1247.9     16.18      .00      .00      .00     9.47    24.42     1.73    -1.00
 1800.0   1257.4     15.89      .00      .00      .00     9.24    24.43     1.57    -1.03
 1805.0   1267.0     15.62      .00      .00      .00     9.01    24.43     1.42    -1.06
 1810.0   1276.7     15.38      .00      .00      .00     8.78    24.43     1.27    -1.10
 1815.0   1286.3     15.15      .00      .00      .00     8.56    24.42     1.13    -1.13
 1820.0   1296.0     14.94      .00      .00      .00     8.35    24.41     1.00    -1.16
 1825.0   1305.7     14.75      .00      .00      .00     8.14    24.40      .87    -1.20
 1830.0   1315.5     14.58      .00      .00      .00     7.95    24.39      .75    -1.23
 1835.0   1325.2     14.41      .00      .00      .00     7.75    24.38      .64    -1.26
 1840.0   1335.0     14.25      .00      .00      .00     7.56    24.38      .53    -1.30
 1845.0   1344.8     14.09      .00      .00      .00     7.37    24.37      .44    -1.34
 1850.0   1354.7     13.94      .00      .00      .00     7.19    24.36      .34    -1.37
 1855.0   1364.6     13.79      .00      .00      .00     7.01    24.35      .26    -1.41
 1860.0   1374.5     13.65      .00      .00      .00     6.84    24.35      .18    -1.45
 1865.0   1384.4     13.51      .00      .00      .00     6.67    24.35      .10    -1.49
 1870.0   1394.3     13.37      .00      .00      .00     6.49    24.35      .03    -1.54
 1875.0   1404.3     13.22      .00      .00      .00     6.33    24.36     -.03    -1.58
 1880.0   1414.3     13.08      .00      .00      .00     6.17    24.37     -.08    -1.63
 1885.0   1424.4     12.92      .00      .00      .00     6.01    24.38     -.14    -1.68
 1890.0   1434.4     12.76      .00      .00      .00     5.85    24.40     -.18    -1.72
 1895.0   1444.5     12.60      .00      .00      .00     5.69    24.41     -.22    -1.77
 1900.0   1454.6     12.42      .00      .00      .00     5.54    24.43     -.26    -1.82
 1905.0   1464.8     12.25      .00      .00      .00     5.39    24.45     -.29    -1.86
 1910.0   1474.9     12.08      .00      .00      .00     5.26    24.48     -.32    -1.91
 1915.0   1485.1     11.90      .00      .00      .00     5.13    24.52     -.34    -1.95
 1920.0   1495.3     11.71      .00      .00      .00     5.00    24.54     -.36    -1.99
 1925.0   1505.6     11.53      .00      .00      .00     4.87    24.57     -.38    -2.03
 1930.0   1515.8     11.33      .00      .00      .00     4.75    24.61     -.40    -2.08
 1935.0   1526.1     11.13      .00      .00      .00     4.64    24.64     -.42    -2.11
 1940.0   1536.5     10.94      .00      .00      .00     4.53    24.68     -.43    -2.15
 1945.0   1546.8     10.76      .00      .00      .00     4.43    24.71     -.45    -2.19
 1950.0   1557.2     10.57      .00      .00      .00     4.33    24.75     -.46    -2.22
 1955.0   1567.6     10.39      .00      .00      .00     4.24    24.78     -.47    -2.26
 1960.0   1578.0     10.22      .00      .00      .00     4.16    24.82     -.48    -2.29
 1965.0   1588.5     10.06      .00      .00      .00     4.08    24.85     -.49    -2.32
 1970.0   1599.0      9.90      .00      .00      .00     4.00    24.89     -.50    -2.36
 1975.0   1609.5      9.75      .00      .00      .00     3.92    24.92     -.51    -2.39
 1980.0   1620.0      9.60      .00      .00      .00     3.85    24.95     -.52    -2.42
 1985.0   1630.6      9.46      .00      .00      .00     3.79    24.97     -.52    -2.44
 1990.0   1641.2      9.34      .00      .00      .00     3.72    25.01     -.52    -2.48
 1995.0   1651.8      9.24      .00      .00      .00     3.62    25.07     -.52    -2.55
 2000.0   1662.4      9.12      .00      .00      .00     3.60    25.06     -.52    -2.54
