#   W       w(lab)    sigT     sigL     sigLT   sigLT'   sigTT'   sigL0    sigLT0  sigLT0'
# (MeV)     (MeV)     (mcb)    (mcb)    (mcb)    (mcb)    (mcb)    (mcb)    (mcb)    (mcb)
 1080.0    338.9      3.25     1.98     -.08     1.70    -1.23      .00      .00     -.08
 1085.0    344.7      5.67     2.61     -.26     2.11    -1.02      .00      .01     -.09
 1090.0    350.5      8.42     3.13     -.40     2.41     -.43      .00      .01     -.08
 1095.0    356.3     11.49     3.59     -.53     2.67      .49      .00      .01     -.06
 1100.0    362.2     14.91     4.00     -.63     2.93     1.73      .00      .01     -.05
 1105.0    368.1     18.72     4.40     -.73     3.19     3.31      .00      .01     -.02
 1110.0    374.0     22.99     4.77     -.83     3.48     5.25      .00      .00      .00
 1115.0    379.9     27.78     5.15     -.91     3.80     7.57      .00     -.01      .04
 1120.0    385.8     33.20     5.52     -.98     4.17    10.34      .00     -.02      .08
 1125.0    391.8     39.36     5.89    -1.04     4.60    13.59      .00     -.03      .12
 1130.0    397.8     46.39     6.28    -1.08     5.10    17.41      .01     -.04      .18
 1135.0    403.9     54.45     6.68    -1.11     5.67    21.87      .01     -.05      .24
 1140.0    409.9     63.71     7.10    -1.12     6.33    27.07      .02     -.06      .33
 1145.0    416.0     74.39     7.54    -1.11     7.10    33.12      .03     -.07      .42
 1150.0    422.1     86.70     8.01    -1.07     7.97    40.14      .04     -.07      .54
 1155.0    428.3    100.87     8.50    -1.00     8.97    48.24      .05     -.08      .68
 1160.0    434.4    117.10     9.02     -.90    10.10    57.54      .06     -.08      .85
 1165.0    440.6    135.57     9.56     -.75    11.36    68.10      .08     -.07     1.05
 1170.0    446.9    156.30    10.12     -.56    12.74    79.94      .10     -.06     1.27
 1175.0    453.1    179.12    10.68     -.33    14.21    92.94      .12     -.04     1.54
 1180.0    459.4    203.56    11.23     -.05    15.71   106.81      .15     -.01     1.82
 1185.0    465.7    228.73    11.72      .28    17.18   121.03      .18      .03     2.13
 1190.0    472.0    253.28    12.14      .63    18.51   134.81      .21      .08     2.44
 1195.0    478.4    275.47    12.43      .98    19.56   147.16      .24      .14     2.73
 1200.0    484.7    293.36    12.58     1.33    20.23   156.98      .27      .20     2.99
 1205.0    491.2    305.25    12.56     1.63    20.43   163.35      .30      .25     3.18
 1210.0    497.6    310.09    12.38     1.85    20.11   165.69      .33      .30     3.28
 1215.0    504.0    307.73    12.07     1.98    19.33   163.96      .35      .34     3.31
 1220.0    510.5    298.90    11.65     2.01    18.15   158.63      .37      .36     3.24
 1225.0    517.1    285.02    11.18     1.93    16.71   150.49      .39      .36     3.12
 1230.0    523.6    267.71    10.69     1.76    15.13   140.50      .40      .34     2.94
 1235.0    530.2    248.57    10.22     1.53    13.52   129.56      .42      .31     2.73
 1240.0    536.8    228.86     9.79     1.25    11.94   118.38      .43      .26     2.50
 1245.0    543.4    209.53     9.39      .95    10.46   107.47      .44      .21     2.27
 1250.0    550.0    191.17     9.05      .62     9.10    97.16      .46      .14     2.04
 1255.0    556.7    174.12     8.76      .30     7.88    87.63      .47      .07     1.83
 1260.0    563.4    158.52     8.52     -.02     6.78    78.95      .49     -.01     1.63
 1265.0    570.1    144.37     8.33     -.34     5.82    71.11      .51     -.08     1.44
 1270.0    576.9    131.62     8.17     -.64     4.97    64.08      .53     -.16     1.26
 1275.0    583.7    120.17     8.04     -.92     4.22    57.81      .55     -.24     1.11
 1280.0    590.5    109.90     7.95    -1.20     3.57    52.21      .58     -.32      .96
 1285.0    597.3    100.69     7.88    -1.46     3.01    47.21      .60     -.40      .83
 1290.0    604.2     92.43     7.83    -1.71     2.52    42.75      .63     -.49      .72
 1295.0    611.1     85.00     7.80    -1.94     2.10    38.76      .66     -.57      .61
 1300.0    618.0     78.32     7.78    -2.17     1.73    35.21      .69     -.65      .52
 1305.0    624.9     72.31     7.77    -2.38     1.42    32.01      .73     -.73      .44
 1310.0    631.9     66.86     7.77    -2.58     1.16    29.14      .76     -.81      .36
 1315.0    638.9     61.92     7.77    -2.77      .94    26.54      .80     -.89      .30
 1320.0    645.9     57.43     7.77    -2.95      .76    24.19      .84     -.97      .25
 1325.0    652.9     53.36     7.77    -3.12      .62    22.07      .87    -1.05      .21
 1330.0    660.0     49.65     7.77    -3.28      .51    20.14      .91    -1.12      .17
 1335.0    667.1     46.25     7.76    -3.43      .43    18.37      .95    -1.20      .15
 1340.0    674.2     43.14     7.74    -3.57      .38    16.75      .98    -1.27      .14
 1345.0    681.4     40.30     7.70    -3.70      .35    15.27     1.02    -1.34      .13
 1350.0    688.6     37.70     7.66    -3.82      .34    13.90     1.05    -1.41      .13
 1355.0    695.8     35.31     7.60    -3.92      .35    12.62     1.08    -1.48      .13
 1360.0    703.0     33.12     7.52    -4.02      .37    11.43     1.11    -1.55      .14
 1365.0    710.3     31.12     7.43    -4.11      .40    10.31     1.14    -1.61      .15
 1370.0    717.6     29.29     7.33    -4.19      .43     9.27     1.17    -1.67      .17
 1375.0    724.9     27.61     7.21    -4.26      .46     8.29     1.19    -1.73      .19
 1380.0    732.2     26.08     7.09    -4.33      .49     7.35     1.21    -1.79      .20
 1385.0    739.6     24.69     6.96    -4.39      .52     6.47     1.23    -1.84      .22
 1390.0    747.0     23.42     6.83    -4.45      .54     5.62     1.24    -1.90      .23
 1395.0    754.4     22.28     6.70    -4.50      .55     4.81     1.26    -1.95      .24
 1400.0    761.8     21.24     6.57    -4.56      .55     4.04     1.27    -2.01      .24
 1405.0    769.3     20.31     6.44    -4.62      .54     3.29     1.29    -2.07      .24
 1410.0    776.8     19.48     6.32    -4.68      .52     2.57     1.30    -2.13      .24
 1415.0    784.4     18.76     6.22    -4.75      .49     1.87     1.32    -2.19      .22
 1420.0    791.9     18.14     6.12    -4.83      .44     1.20     1.34    -2.26      .21
 1425.0    799.5     17.62     6.04    -4.91      .39      .55     1.36    -2.33      .19
 1430.0    807.1     17.20     5.97    -5.01      .33     -.09     1.38    -2.41      .16
 1435.0    814.7     16.88     5.91    -5.12      .26     -.71     1.41    -2.50      .13
 1440.0    822.4     16.67     5.88    -5.24      .17    -1.33     1.44    -2.59      .09
 1445.0    830.1     16.57     5.86    -5.38      .08    -1.94     1.48    -2.70      .04
 1450.0    837.8     16.59     5.87    -5.54     -.02    -2.54     1.52    -2.82     -.01
 1455.0    845.5     16.74     5.90    -5.73     -.14    -3.15     1.56    -2.95     -.07
 1460.0    853.3     17.03     5.95    -5.93     -.27    -3.75     1.62    -3.10     -.14
 1465.0    861.1     17.47     6.03    -6.17     -.41    -4.36     1.68    -3.26     -.21
 1470.0    868.9     18.09     6.13    -6.44     -.55    -4.98     1.75    -3.45     -.30
 1475.0    876.8     18.91     6.25    -6.75     -.71    -5.64     1.83    -3.66     -.38
 1480.0    884.6     19.86     6.41    -7.10     -.89    -6.28     1.93    -3.89     -.49
 1485.0    892.5     20.86     6.62    -7.46    -1.11    -6.81     2.04    -4.14     -.61
 1490.0    900.5     21.64     6.63    -7.63    -1.73    -6.98     2.09    -4.28     -.97
 1495.0    908.4     22.30     6.62    -7.69    -2.19    -6.92     2.14    -4.37    -1.25
 1500.0    916.4     22.90     6.59    -7.69    -2.55    -6.75     2.18    -4.42    -1.47
 1505.0    924.4     23.41     6.54    -7.66    -2.88    -6.48     2.21    -4.45    -1.68
 1510.0    932.4     23.74     6.44    -7.55    -3.18    -6.08     2.22    -4.44    -1.87
 1515.0    940.5     23.80     6.30    -7.36    -3.42    -5.53     2.22    -4.37    -2.03
 1520.0    948.6     23.58     6.12    -7.08    -3.60    -4.84     2.21    -4.25    -2.16
 1525.0    956.7     23.07     5.90    -6.74    -3.71    -4.05     2.17    -4.09    -2.25
 1530.0    964.8     22.31     5.67    -6.35    -3.76    -3.18     2.13    -3.90    -2.31
 1535.0    973.0     21.35     5.42    -5.94    -3.74    -2.28     2.08    -3.68    -2.32
 1540.0    981.2     20.26     5.18    -5.51    -3.65    -1.37     2.03    -3.45    -2.29
 1545.0    989.4     19.11     4.94    -5.10    -3.51     -.48     1.98    -3.23    -2.22
 1550.0    997.7     17.95     4.72    -4.71    -3.33      .35     1.93    -3.01    -2.13
 1555.0   1005.9     16.84     4.50    -4.34    -3.11     1.10     1.88    -2.80    -2.01
 1560.0   1014.2     15.81     4.31    -4.01    -2.88     1.77     1.83    -2.61    -1.88
 1565.0   1022.6     14.87     4.12    -3.70    -2.65     2.34     1.79    -2.43    -1.75
 1570.0   1030.9     14.06     3.96    -3.41    -2.44     2.81     1.75    -2.27    -1.62
 1575.0   1039.3     13.38     3.81    -3.16    -2.25     3.18     1.72    -2.12    -1.51
 1580.0   1047.7     12.85     3.68    -2.93    -2.09     3.45     1.69    -1.98    -1.42
 1585.0   1056.1     12.45     3.57    -2.73    -1.97     3.61     1.67    -1.87    -1.35
 1590.0   1064.6     12.18     3.48    -2.56    -1.87     3.70     1.65    -1.77    -1.29
 1595.0   1073.1     12.03     3.40    -2.42    -1.80     3.72     1.65    -1.68    -1.26
 1600.0   1081.6     11.98     3.34    -2.31    -1.76     3.68     1.65    -1.62    -1.24
 1605.0   1090.1     12.03     3.31    -2.22    -1.74     3.60     1.66    -1.57    -1.24
 1610.0   1098.7     12.16     3.31    -2.16    -1.75     3.48     1.69    -1.54    -1.25
 1615.0   1107.3     12.38     3.33    -2.11    -1.78     3.33     1.73    -1.52    -1.29
 1620.0   1115.9     12.66     3.38    -2.09    -1.84     3.16     1.79    -1.52    -1.34
 1625.0   1124.6     13.00     3.46    -2.08    -1.92     2.97     1.86    -1.52    -1.41
 1630.0   1133.2     13.38     3.56    -2.08    -2.02     2.75     1.95    -1.53    -1.50
 1635.0   1141.9     13.81     3.68    -2.08    -2.15     2.51     2.05    -1.55    -1.60
 1640.0   1150.6     14.24     3.81    -2.09    -2.28     2.25     2.16    -1.57    -1.72
 1645.0   1159.4     14.67     3.95    -2.10    -2.42     1.95     2.27    -1.59    -1.84
 1650.0   1168.2     15.07     4.08    -2.11    -2.56     1.62     2.38    -1.61    -1.96
 1655.0   1177.0     15.42     4.19    -2.12    -2.70     1.27     2.49    -1.63    -2.08
 1660.0   1185.8     15.70     4.27    -2.11    -2.82      .87     2.58    -1.64    -2.19
 1665.0   1194.7     15.88     4.32    -2.09    -2.92      .44     2.65    -1.63    -2.29
 1670.0   1203.6     15.96     4.32    -2.05    -2.99     -.03     2.69    -1.61    -2.36
 1675.0   1212.5     15.93     4.29    -1.99    -3.03     -.52     2.71    -1.58    -2.41
 1680.0   1221.4     15.82     4.22    -1.92    -3.04    -1.02     2.70    -1.53    -2.44
 1685.0   1230.4     15.62     4.11    -1.82    -3.03    -1.53     2.68    -1.47    -2.45
 1690.0   1239.4     15.35     3.99    -1.71    -3.00    -2.02     2.63    -1.39    -2.44
 1695.0   1248.4     15.01     3.84    -1.59    -2.95    -2.47     2.58    -1.30    -2.42
 1700.0   1257.4     14.63     3.70    -1.46    -2.89    -2.87     2.52    -1.20    -2.38
 1705.0   1266.5     14.20     3.55    -1.32    -2.81    -3.21     2.45    -1.10    -2.34
 1710.0   1275.6     13.75     3.40    -1.18    -2.73    -3.49     2.38     -.99    -2.29
 1715.0   1284.7     13.29     3.26    -1.05    -2.64    -3.72     2.32     -.89    -2.23
 1720.0   1293.9     12.83     3.13     -.93    -2.55    -3.90     2.26     -.79    -2.16
 1725.0   1303.1     12.38     3.01     -.81    -2.45    -4.03     2.20     -.69    -2.10
 1730.0   1312.3     11.94     2.90     -.70    -2.36    -4.12     2.15     -.61    -2.03
 1735.0   1321.5     11.53     2.79     -.61    -2.27    -4.19     2.10     -.53    -1.97
 1740.0   1330.8     11.13     2.69     -.52    -2.18    -4.22     2.05     -.46    -1.91
 1745.0   1340.1     10.77     2.60     -.45    -2.10    -4.24     2.01     -.39    -1.84
 1750.0   1349.4     10.42     2.51     -.38    -2.02    -4.23     1.97     -.33    -1.79
 1755.0   1358.7     10.11     2.43     -.32    -1.94    -4.22     1.93     -.28    -1.73
 1760.0   1368.1      9.82     2.35     -.26    -1.87    -4.19     1.89     -.24    -1.68
 1765.0   1377.5      9.55     2.28     -.22    -1.81    -4.15     1.86     -.20    -1.63
 1770.0   1386.9      9.30     2.21     -.17    -1.74    -4.11     1.83     -.16    -1.58
 1775.0   1396.3      9.08     2.15     -.14    -1.69    -4.06     1.80     -.13    -1.54
 1780.0   1405.8      8.88     2.09     -.11    -1.63    -4.00     1.77     -.10    -1.50
 1785.0   1415.3      8.69     2.03     -.08    -1.58    -3.95     1.74     -.07    -1.46
 1790.0   1424.8      8.52     1.97     -.05    -1.53    -3.89     1.72     -.05    -1.43
 1795.0   1434.4      8.37     1.92     -.03    -1.49    -3.83     1.69     -.03    -1.40
 1800.0   1444.0      8.23     1.87     -.02    -1.45    -3.77     1.67     -.01    -1.37
 1805.0   1453.6      8.10     1.82      .00    -1.41    -3.72     1.64      .00    -1.34
 1810.0   1463.2      7.99     1.78      .01    -1.38    -3.67     1.62      .01    -1.31
 1815.0   1472.9      7.88     1.73      .02    -1.34    -3.62     1.60      .02    -1.29
 1820.0   1482.5      7.79     1.69      .03    -1.31    -3.57     1.58      .03    -1.27
 1825.0   1492.2      7.70     1.65      .04    -1.28    -3.53     1.56      .04    -1.25
 1830.0   1502.0      7.63     1.61      .05    -1.25    -3.48     1.54      .04    -1.23
 1835.0   1511.8      7.56     1.57      .05    -1.23    -3.45     1.52      .05    -1.21
 1840.0   1521.5      7.50     1.53      .05    -1.21    -3.41     1.50      .05    -1.19
 1845.0   1531.4      7.44     1.50      .05    -1.19    -3.39     1.49      .05    -1.18
 1850.0   1541.2      7.39     1.46      .06    -1.17    -3.36     1.47      .06    -1.17
 1855.0   1551.1      7.35     1.43      .06    -1.15    -3.34     1.45      .06    -1.16
 1860.0   1561.0      7.31     1.40      .06    -1.13    -3.32     1.44      .06    -1.15
 1865.0   1570.9      7.27     1.37      .05    -1.12    -3.32     1.42      .05    -1.14
 1870.0   1580.9      7.24     1.34      .05    -1.11    -3.31     1.40      .05    -1.13
 1875.0   1590.8      7.21     1.31      .05    -1.09    -3.31     1.39      .05    -1.13
 1880.0   1600.8      7.18     1.28      .04    -1.08    -3.32     1.38      .05    -1.12
 1885.0   1610.9      7.16     1.26      .04    -1.08    -3.33     1.36      .04    -1.12
 1890.0   1620.9      7.14     1.23      .04    -1.07    -3.35     1.35      .04    -1.12
 1895.0   1631.0      7.11     1.21      .03    -1.06    -3.38     1.34      .03    -1.12
 1900.0   1641.1      7.09     1.18      .03    -1.05    -3.41     1.32      .03    -1.12
 1905.0   1651.3      7.07     1.16      .03    -1.05    -3.44     1.31      .03    -1.12
 1910.0   1661.4      7.06     1.13      .02    -1.04    -3.49     1.30      .02    -1.12
 1915.0   1671.6      7.04     1.11      .02    -1.04    -3.54     1.29      .02    -1.12
 1920.0   1681.8      7.03     1.09      .02    -1.03    -3.59     1.27      .02    -1.12
 1925.0   1692.1      7.03     1.07      .02    -1.03    -3.65     1.26      .02    -1.12
 1930.0   1702.4      7.01     1.05      .02    -1.03    -3.72     1.25      .02    -1.12
 1935.0   1712.7      7.01     1.03      .02    -1.02    -3.79     1.24      .02    -1.12
 1940.0   1723.0      7.00     1.01      .02    -1.02    -3.86     1.23      .02    -1.12
 1945.0   1733.3      7.00      .99      .02    -1.01    -3.94     1.22      .02    -1.12
 1950.0   1743.7      7.00      .97      .02    -1.01    -4.02     1.21      .03    -1.12
 1955.0   1754.1      7.00      .96      .03    -1.00    -4.10     1.20      .03    -1.12
 1960.0   1764.5      7.00      .94      .03     -.99    -4.18     1.19      .03    -1.12
 1965.0   1775.0      7.00      .92      .04     -.98    -4.26     1.18      .04    -1.11
 1970.0   1785.5      7.00      .91      .04     -.98    -4.35     1.17      .05    -1.11
 1975.0   1796.0      7.00      .89      .05     -.97    -4.43     1.17      .05    -1.11
 1980.0   1806.5      7.00      .88      .05     -.96    -4.51     1.16      .06    -1.10
 1985.0   1817.1      7.01      .87      .06     -.95    -4.59     1.15      .06    -1.09
 1990.0   1827.7      7.01      .85      .06     -.94    -4.67     1.15      .07    -1.09
 1995.0   1838.3      7.01      .84      .07     -.93    -4.75     1.14      .08    -1.09
 2000.0   1849.0      7.03      .83      .07     -.92    -4.83     1.14      .08    -1.07
