0	267.245514
0.05	800.699158
0.1	1464.089111
0.15	1823.589111
0.2	1792.190063
0.25	1864.143677
0.3	2191.947510
0.35	2312.835938
0.4	2280.406006
0.45	2632.375000
0.5	2859.710938
0.55	3035.460449
0.6	3205.168945
0.65	3289.375488
0.7	3532.619629
0.75	3603.006348
0.8	3736.145264
0.85	3971.582520
0.9	4145.832520
0.95	4262.407715
1	4393.399414
1.05	4812.441895
1.1	5293.323242
1.15	5796.814453
1.2	6454.411133
1.25	7378.910156
1.3	8350.014648
1.35	9361.345703
1.4	10099.197266
1.45	11304.568359
1.5	11767.562500
1.55	12709.076172
1.6	13446.916992
1.65	14077.007812
1.7	14557.407227
1.75	15018.395508
1.8	15276.739258
1.85	15372.214844
1.9	15339.503906
1.95	15183.714844
2	14244.543945
2.05	13912.120117
2.1	12987.479492
2.15	12645.105469
2.2	11427.917969
2.25	10725.460938
2.3	9834.227539
2.35	8788.514648
2.4	8026.641113
2.45	7213.509766
2.5	6480.727539
2.55	5896.642578
2.6	5231.801270
2.65	4792.550293
2.7	4377.610840
2.75	3943.707520
2.8	3373.313477
2.85	3087.185791
2.9	2802.507568
2.95	2392.542725
3	2136.281006
3.05	1993.454224
3.1	1705.608398
3.15	1497.843018
3.2	1310.975098
3.25	1230.788940
3.3	1093.286133
3.35	929.442505
3.4	824.786621
3.45	755.161865
3.5	691.232300
3.55	670.054260
3.6	574.532715
3.65	570.376587
3.7	513.916748
3.75	488.830414
3.8	438.163330
3.85	432.362457
3.9	402.134308
3.95	393.773132
4	395.668365
4.05	365.004761
4.1	365.152893
4.15	335.935303
4.2	311.049988
4.25	292.792694
4.3	312.942291
4.35	284.394379
4.4	296.547424
4.45	252.557388
4.5	273.019043
4.55	251.123550
4.6	245.168518
4.65	241.545074
4.7	244.940216
4.75	236.443573
4.8	248.400558
4.85	208.367142
4.9	221.640533
4.95	193.075180
5	203.811874
5.05	199.636658
5.1	220.865234
5.15	183.744843
5.2	174.951309
5.25	174.531418
5.3	185.131927
5.35	180.396988
5.4	157.346039
5.45	170.157227
5.5	166.887848
5.55	165.989899
5.6	168.186157
5.65	144.972778
5.7	162.304184
5.75	139.196991
5.8	154.127945
5.85	176.785172
5.9	146.827408
5.95	157.963882
6	152.759369
6.05	123.997231
6.1	130.975739
6.15	154.004944
6.2	131.580399
6.25	135.373749
6.3	145.458130
6.35	143.287125
6.4	140.212189
6.45	144.848404
6.5	135.225967
6.55	127.034637
6.6	119.200676
6.65	133.112061
6.7	138.208176
6.75	117.876068
6.8	114.840546
6.85	118.871750
6.9	111.128746
6.95	112.171394
7	108.360794
7.05	114.147995
7.1	119.781830
7.15	115.089165
7.2	104.891968
7.25	136.225784
7.3	115.435799
7.35	110.061790
7.4	108.793198
7.45	113.041245
7.5	100.502060
7.55	111.632217
7.6	114.554543
7.65	110.623558
7.7	99.189407
7.75	92.467270
7.8	99.078728
7.85	102.676178
7.9	99.077980
7.95	102.733864
8	101.406685
8.05	106.392632
8.1	92.479088
8.15	101.369949
8.2	98.555893
8.25	114.746841
8.3	90.796539
8.35	99.783066
8.4	92.591011
8.45	87.977669
8.5	105.956619
8.55	102.672028
8.6	97.566025
8.65	108.046738
8.7	100.658661
8.75	94.156242
8.8	94.882355
8.85	84.145287
8.9	88.863472
8.95	98.036354
9	88.806259
9.05	100.847313
9.1	98.466034
9.15	86.796272
9.2	95.100807
9.25	89.530434
9.3	95.617920
9.35	97.125763
9.4	111.140541
9.45	91.231880
9.5	100.916847
9.55	101.853294
9.6	100.249268
9.65	85.000572
9.7	100.385818
9.75	91.744095
9.8	89.911652
9.85	88.897713
9.9	93.615570
9.95	96.420929
10	96.294716
10.05	85.507484
10.1	93.629089
10.15	91.281151
10.2	104.877075
10.25	83.398514
10.3	99.307343
10.35	101.881760
10.4	92.850037
10.45	84.610481
10.5	101.722778
10.55	96.430656
10.6	92.565727
10.65	92.939041
10.7	96.211754
10.75	92.160515
10.8	108.164726
10.85	103.814598
10.9	97.019806
10.95	94.202736
11	90.005196
11.05	104.160721
11.1	98.727478
11.15	100.702156
11.2	106.958984
11.25	93.980705
11.3	106.211540
11.35	109.055328
11.4	100.546135
11.45	108.847389
11.5	95.320168
11.55	104.227707
11.6	109.702385
11.65	92.589516
11.7	106.632179
11.75	107.246803
11.8	110.854309
11.85	105.871902
11.9	96.920883
11.95	91.052399
12	99.831367
12.05	108.681908
12.1	92.170395
12.15	92.619202
12.2	108.741447
12.25	96.705437
12.3	98.865875
12.35	91.733215
12.4	102.683289
12.45	99.855705
12.5	92.423615
12.55	96.575485
12.6	107.095421
12.65	87.835602
12.7	93.043213
12.75	77.531342
12.8	104.452515
12.85	87.771309
12.9	86.337814
12.95	104.464096
13	92.448715
13.05	99.142639
13.1	90.608490
13.15	78.920593
13.2	92.233269
13.25	77.248367
13.3	84.843002
13.35	80.494141
13.4	84.626839
13.45	85.797089
13.5	77.471199
13.55	76.798309
13.6	84.035095
13.65	68.914696
13.7	77.049805
13.75	79.755898
13.8	71.525558
13.85	78.403114
13.9	80.140381
13.95	63.103207
14	57.352272
14.05	62.290081
14.1	69.349541
14.15	63.226631
14.2	60.810070
14.25	59.615520
14.3	68.009438
14.35	57.041298
14.4	60.760960
14.45	73.677269
14.5	50.416149
14.55	65.916061
14.6	54.927418
14.65	55.621025
14.7	53.765579
14.75	56.318344
14.8	51.049831
14.85	54.259869
14.9	51.315308
14.95	51.429062
15	47.909172
15.05	41.245052
15.1	51.802429
15.15	46.863667
15.2	41.721958
15.25	42.226994
15.3	51.501038
15.35	42.557941
15.4	45.174881
15.45	49.147572
15.5	45.141109
15.55	49.572502
15.6	41.789494
15.65	45.746273
15.7	49.623779
15.75	37.386810
15.8	33.841484
15.85	42.448448
15.9	38.443607
15.95	38.332760
16	36.103237
16.049999	34.083027
16.1	30.163189
16.15	39.170704
16.200001	33.482170
16.25	28.069031
16.299999	27.351215
16.35	33.108070
16.4	35.037193
16.450001	35.122643
16.5	30.132938
16.549999	29.238638
16.6	31.884529
16.65	36.554581
16.700001	31.630188
16.75	26.624136
16.799999	26.459663
16.85	24.618790
16.9	29.289490
16.950001	24.089659
17	25.131981
17.049999	20.108149
17.1	24.545813
17.15	27.647110
17.200001	26.313454
17.25	25.006884
17.299999	22.446777
17.35	18.754257
17.4	27.452818
17.450001	24.563313
17.5	23.716578
17.549999	24.224800
17.6	19.246029
17.65	19.953918
17.700001	26.100420
17.75	24.711493
17.799999	21.945000
17.85	22.861753
17.9	17.322710
17.950001	21.239128
18	21.481689
18.049999	29.063080
18.1	16.951036
18.15	17.867508
18.200001	22.682871
18.25	24.038218
18.299999	22.953510
18.35	14.833730
18.4	18.160109
18.450001	20.198959
18.5	13.288424
18.549999	15.980258
18.6	21.146486
18.65	14.839026
18.700001	19.424786
18.75	15.795016
18.799999	20.027855
18.85	12.798981
18.9	15.559128
18.950001	11.846970
19	13.673992
19.049999	18.204067
19.1	13.742546
19.15	16.152264
19.200001	13.166262
19.25	17.737473
19.299999	13.888152
19.35	12.593643
19.4	13.539460
19.450001	13.103093
19.5	10.257102
19.549999	11.105090
19.6	18.429279
19.65	12.010555
19.700001	12.734068
19.75	9.410279
19.799999	16.700985
19.85	15.323600
19.9	12.926229
19.950001	16.047308
20	14.562219
20.049999	11.105804
20.1	16.908098
20.15	10.312922
20.200001	16.558052
20.25	16.326189
20.299999	7.614820
20.35	15.744224
20.4	11.215392
20.450001	11.634092
20.5	9.758410
20.549999	11.645205
20.6	11.553844
20.65	8.315953
20.700001	7.754026
20.75	6.857313
20.799999	7.326020
20.85	11.175744
20.9	8.038649
20.950001	6.728729
21	11.866821
21.049999	11.457307
21.1	11.260209
21.15	7.420455
21.200001	11.589306
21.25	7.543660
21.299999	12.381251
21.35	6.033786
21.4	10.463105
21.450001	12.247407
21.5	6.999887
21.549999	8.424473
21.6	8.253414
21.65	8.826101
21.700001	5.231107
21.75	9.313836
21.799999	7.261623
21.85	6.075321
21.9	5.772017
21.950001	11.102721
22	5.109554
22.049999	6.095397
22.1	7.520466
22.15	8.164281
22.200001	6.691484
22.25	5.131399
22.299999	8.862506
22.35	7.942677
22.4	8.425613
22.450001	10.051046
22.5	7.514710
22.549999	6.765943
22.6	6.997563
22.65	5.058383
22.700001	5.694763
22.75	7.316221
22.799999	9.668141
22.85	10.086863
22.9	7.210731
22.950001	5.585200
23	3.678688
23.049999	8.896101
23.1	5.815776
23.15	5.940129
23.200001	4.307726
23.25	8.475881
23.299999	3.177295
23.35	10.450328
23.4	4.380094
23.450001	8.575160
23.5	5.659132
23.549999	5.047941
23.6	8.737742
23.65	4.954566
23.700001	6.842314
23.75	4.362709
23.799999	6.827737
23.85	5.476689
23.9	5.318830
23.950001	2.357676
24	4.042120
24.049999	5.529436
24.1	4.530396
24.15	3.169291
24.200001	9.419957
24.25	7.929640
24.299999	5.221059
24.35	3.415789
24.4	6.060910
24.450001	4.579967
24.5	4.284519
24.549999	4.147582
24.6	6.268410
24.65	2.689480
24.700001	5.109419
24.75	4.443985
24.799999	7.874788
24.85	6.436151
24.9	3.968521
24.950001	6.216597
25	4.116570
25.049999	3.286303
25.1	2.820706
25.15	3.240002
25.200001	7.156153
25.25	3.578689
25.299999	6.013559
25.35	4.219709
25.4	6.441761
25.450001	4.306870
25.5	4.959226
25.549999	2.249656
25.6	3.874836
25.65	4.137787
25.700001	4.193734
25.75	2.103520
25.799999	5.862851
25.85	5.637562
25.9	2.087028
25.950001	2.896712
26	2.719801
26.049999	2.984972
26.1	3.605136
26.15	6.016531
26.200001	4.149289
26.25	2.425810
26.299999	4.325781
26.35	5.699884
26.4	5.310874
26.450001	3.377770
26.5	1.994245
26.549999	4.658025
26.6	6.067622
26.65	2.980748
26.700001	3.689863
26.75	2.679749
26.799999	2.141348
26.85	4.050432
26.9	4.568995
26.950001	0.449215
27	4.277780
27.049999	5.379883
27.1	3.839153
27.15	4.692337
27.200001	2.536473
27.25	4.776984
27.299999	2.573895
27.35	2.172123
27.4	2.737492
27.450001	3.427035
27.5	2.153579
27.549999	0.761607
27.6	4.891532
27.65	2.179238
27.700001	1.969670
27.75	4.810459
27.799999	3.010174
27.85	1.043156
27.9	3.593648
27.950001	2.489402
28	2.773293
28.049999	3.708709
28.1	0.980060
28.15	3.701532
28.200001	3.660679
28.25	1.224521
28.299999	3.730613
28.35	1.458227
28.4	1.336404
28.450001	1.982696
28.5	4.404315
28.549999	2.459659
28.6	1.917670
28.65	1.953826
28.700001	2.344292
28.75	1.412471
28.799999	0.988904
28.85	3.103428
28.9	1.310116
28.950001	1.947933
29	1.851127
29.049999	3.130308
29.1	0.786519
29.15	0.981083
29.200001	1.868099
29.25	1.890641
29.299999	1.200206
29.35	0.925926
29.4	2.861217
29.450001	2.260072
29.5	1.626331
29.549999	2.070917
29.6	1.622060
29.65	2.209207
29.700001	2.012228
29.75	4.812085
29.799999	1.386999
29.85	1.199959
29.9	3.261319
29.950001	1.869835
30	1.299958
30.049999	0.906766
30.1	1.654790
30.15	1.389613
30.200001	1.825467
30.25	1.488040
30.299999	0.934541
30.35	3.229350
30.4	4.287166
30.450001	3.182158
30.5	1.726636
30.549999	1.288224
30.6	2.088384
30.65	1.885119
30.700001	1.927278
30.75	0.703535
30.799999	0.884179
30.85	2.063211
30.9	0.416965
30.950001	0.000000
31	1.758426
31.049999	1.040768
31.1	2.337603
31.15	2.081218
31.200001	3.217995
31.25	1.215908
31.299999	1.852190
31.35	0.941667
31.4	0.000000
31.450001	2.541984
31.5	0.000000
31.549999	2.059019
31.6	2.466619
31.65	0.892150
31.700001	0.000000
31.75	1.893134
31.799999	0.946110
31.85	3.018201
31.9	1.288799
31.950001	0.818709
32	1.664298
32.049999	1.167744
32.099998	0.521884
32.150002	0.000000
32.200001	1.248148
32.25	0.552305
32.299999	1.107079
32.349998	0.589259
32.400002	0.448714
32.450001	1.215915
32.5	0.000000
32.549999	0.462666
32.599998	2.457236
32.650002	3.256020
32.700001	1.211046
32.75	1.725082
32.799999	0.375335
32.849998	1.460723
32.900002	0.951142
32.950001	2.169671
33	0.451716
33.049999	1.431868
33.099998	0.000000
33.150002	0.912535
33.200001	0.679316
33.25	1.285787
33.299999	0.852471
33.349998	0.996926
33.400002	1.125031
33.450001	0.965980
33.5	1.231233
33.549999	0.460289
33.599998	1.093889
33.650002	0.291863
33.700001	0.000000
33.75	0.512183
33.799999	0.952910
33.849998	0.738804
33.900002	0.000000
33.950001	0.685575
34	0.438630
34.049999	1.330365
34.099998	0.919913
34.150002	0.317139
34.200001	1.126586
34.25	0.456094
34.299999	0.000000
34.349998	0.704097
34.400002	1.389016
34.450001	0.859950
34.5	0.470650
34.549999	0.238548
34.599998	0.463037
34.650002	0.707936
34.700001	1.114516
34.75	1.679835
34.799999	0.000000
34.849998	0.768004
34.900002	0.861188
34.950001	1.473707
35	0.651054
35.049999	1.061136
35.099998	0.550618
35.150002	0.994238
35.200001	0.558110
35.25	0.718507
35.299999	0.876520
35.349998	0.232774
35.400002	0.286132
35.450001	0.947534
35.5	0.296905
35.549999	0.303968
35.599998	0.756455
35.650002	0.316950
35.700001	0.363395
35.75	0.934586
35.799999	0.233801
35.849998	1.184164
35.900002	0.446359
35.950001	0.421043
36	0.452107
36.049999	0.259033
36.099998	1.037660
36.150002	0.364420
36.200001	0.457198
36.25	0.234119
36.299999	0.000000
36.349998	0.229604
36.400002	1.036989
36.450001	0.256409
36.5	0.000000
36.549999	0.513023
36.599998	0.000000
36.650002	0.000000
36.700001	0.444021
36.75	0.785264
36.799999	1.316610
36.849998	0.311744
36.900002	0.923673
36.950001	0.914819
37	0.000000
37.049999	0.640450
37.099998	0.000000
37.150002	0.755933
37.200001	0.257090
37.25	0.448851
37.299999	0.462627
37.349998	0.295079
37.400002	0.826637
37.450001	1.158460
37.5	0.791136
37.549999	0.000000
37.599998	0.257230
37.650002	0.882538
37.700001	0.000000
37.75	0.559739
37.799999	0.000000
37.849998	0.314070
37.900002	0.000000
37.950001	0.000000
38	0.214774
38.049999	0.000000
38.099998	1.137648
38.150002	0.442908
38.200001	0.587778
38.25	0.000000
38.299999	0.387509
38.349998	1.412665
38.400002	0.301334
38.450001	0.562359
38.5	0.279509
38.549999	0.575952
38.599998	0.204495
38.650002	0.863250
38.700001	0.000000
38.75	0.571541
38.799999	0.558951
38.849998	0.465334
38.900002	0.427151
38.950001	0.663026
39	0.000000
39.049999	0.000000
39.099998	0.217643
39.150002	0.217950
39.200001	0.000000
39.25	0.000000
39.299999	0.000000
39.349998	0.282874
39.400002	0.000000
39.450001	0.434384
39.5	0.000000
39.549999	1.449184
39.599998	0.679943
39.650002	0.726427
39.700001	0.000000
39.75	0.560805
39.799999	0.000000
39.849998	0.000000
39.900002	0.000000
39.950001	0.000000
40	0.686848
40.049999	0.270712
40.099998	0.000000
40.150002	0.000000
40.200001	0.000000
40.25	0.000000
40.299999	0.000000
40.349998	0.000000
40.400002	0.000000
40.450001	0.577722
40.5	0.349537
40.549999	0.000000
40.599998	0.274104
40.650002	0.000000
40.700001	0.000000
40.75	0.000000
40.799999	0.000000
40.849998	1.671828
40.900002	0.000000
40.950001	0.276584
41	0.000000
41.049999	0.000000
41.099998	0.577426
41.150002	0.000000
41.200001	0.614461
41.25	0.269749
41.299999	0.349564
41.349998	0.000000
41.400002	0.272539
41.450001	0.441175
41.5	0.000000
41.549999	0.213575
41.599998	0.000000
41.650002	0.000000
41.700001	0.000000
41.75	0.000000
41.799999	0.000000
41.849998	0.000000
41.900002	0.563001
41.950001	0.000000
42	0.250039
42.049999	0.000000
42.099998	0.272415
42.150002	0.264042
42.200001	0.000000
42.25	0.283399
42.299999	0.000000
42.349998	0.000000
42.400002	0.242503
42.450001	0.561978
42.5	0.457279
42.549999	0.000000
42.599998	0.000000
42.650002	0.000000
42.700001	0.260131
42.75	0.000000
42.799999	0.000000
42.849998	0.000000
42.900002	0.000000
42.950001	0.000000
43	0.550757
43.049999	0.462816
43.099998	0.000000
43.150002	0.000000
43.200001	0.233497
43.25	0.000000
43.299999	0.000000
43.349998	0.000000
43.400002	0.000000
43.450001	0.000000
43.5	0.000000
43.549999	0.454834
43.599998	0.584856
43.650002	0.000000
43.700001	0.000000
43.75	0.000000
43.799999	0.265831
43.849998	0.000000
43.900002	0.000000
43.950001	0.000000
44	0.000000
44.049999	0.000000
44.099998	0.000000
44.150002	0.000000
44.200001	0.000000
44.25	0.000000
44.299999	0.000000
44.349998	0.239311
44.400002	0.256869
44.450001	0.000000
44.5	0.975966
44.549999	0.097512
44.599998	0.583228
44.650002	0.000000
44.700001	0.196909
44.75	0.000000
44.799999	0.000000
44.849998	0.000000
44.900002	0.000000
44.950001	0.000000
45	0.000000
45.049999	0.000000
45.099998	0.000000
45.150002	0.000000
45.200001	0.000000
45.25	0.000000
45.299999	0.000000
45.349998	0.000000
45.400002	0.000000
45.450001	0.198297
45.5	0.000000
45.549999	0.000000
45.599998	0.221520
45.650002	0.000000
45.700001	0.000000
45.75	0.288213
45.799999	0.000000
45.849998	0.000000
45.900002	0.000000
45.950001	0.000000
46	0.000000
46.049999	0.000000
46.099998	0.000000
46.150002	0.292486
46.200001	0.000000
46.25	0.000000
46.299999	0.000000
46.349998	0.000000
46.400002	0.000000
46.450001	0.000000
46.5	0.000000
46.549999	0.000000
46.599998	0.370746
46.650002	0.000000
46.700001	0.000000
46.75	0.000000
46.799999	0.000000
46.849998	0.093811
46.900002	0.000000
46.950001	0.000000
47	0.000000
47.049999	0.250744
47.099998	0.000000
47.150002	0.000000
47.200001	0.000000
47.25	0.000000
47.299999	0.559912
47.349998	0.000000
47.400002	0.000000
47.450001	0.000000
47.5	0.000000
47.549999	0.000000
47.599998	0.000000
47.650002	0.270172
47.700001	0.358936
47.75	0.000000
47.799999	0.000000
47.849998	0.000000
47.900002	0.000000
47.950001	0.000000
48	0.542353
48.049999	0.000000
48.099998	0.260265
48.150002	0.000000
48.200001	0.000000
48.25	0.000000
48.299999	0.000000
48.349998	0.000000
48.400002	0.243450
48.450001	0.000000
48.5	0.000000
48.549999	0.000000
48.599998	0.000000
48.650002	0.000000
48.700001	0.000000
48.75	0.000000
48.799999	0.000000
48.849998	0.000000
48.900002	0.000000
48.950001	0.000000
49	0.000000
49.049999	0.000000
49.099998	0.000000
49.150002	0.000000
49.200001	0.000000
49.25	0.000000
49.299999	0.000000
49.349998	0.527483
49.400002	0.000000
49.450001	0.000000
49.5	0.000000
49.549999	0.000000
49.599998	0.000000
49.650002	0.000000
49.700001	0.000000
49.75	0.000000
49.799999	0.000000
49.849998	0.568238
49.900002	0.000000
49.950001	0.000000
50	0.000000
50.049999	0.000000
50.099998	0.000000
50.150002	0.000000
50.200001	0.000000
50.25	0.000000
50.299999	0.000000
50.349998	0.000000
50.400002	0.000000
50.450001	0.000000
50.5	0.000000
50.549999	0.564815
50.599998	0.000000
50.650002	0.000000
50.700001	0.000000
50.75	0.000000
50.799999	0.000000
50.849998	0.000000
50.900002	0.000000
50.950001	0.000000
51	0.000000
51.049999	0.000000
51.099998	0.000000
51.150002	0.000000
51.200001	0.000000
51.25	0.000000
51.299999	0.000000
51.349998	0.324824
51.400002	0.000000
51.450001	0.000000
51.5	0.000000
51.549999	0.000000
51.599998	0.000000
51.650002	0.000000
51.700001	0.000000
51.75	0.000000
51.799999	0.000000
51.849998	0.000000
51.900002	0.000000
51.950001	0.448721
52	0.000000
52.049999	0.000000
52.099998	0.000000
52.150002	0.000000
52.200001	0.000000
52.25	0.000000
52.299999	0.000000
52.349998	0.000000
52.400002	0.000000
52.450001	0.000000
52.5	0.000000
52.549999	0.000000
52.599998	0.000000
52.650002	0.000000
52.700001	0.000000
52.75	0.000000
52.799999	0.000000
52.849998	0.000000
52.900002	0.000000
52.950001	0.000000
53	0.000000
53.049999	0.000000
53.099998	0.000000
53.150002	0.000000
53.200001	0.000000
53.25	0.000000
53.299999	0.000000
53.349998	0.000000
53.400002	0.000000
53.450001	0.000000
53.5	0.000000
53.549999	0.000000
53.599998	0.000000
53.650002	0.000000
53.700001	0.000000
53.75	0.000000
53.799999	0.000000
53.849998	0.000000
53.900002	0.000000
53.950001	0.000000
54	0.000000
54.049999	0.000000
54.099998	0.000000
54.150002	0.000000
54.200001	0.000000
54.25	0.000000
54.299999	0.000000
54.349998	0.000000
54.400002	0.000000
54.450001	0.000000
54.5	0.000000
54.549999	0.000000
54.599998	0.000000
54.650002	0.000000
54.700001	0.000000
54.75	0.000000
54.799999	0.000000
54.849998	0.000000
54.900002	0.000000
54.950001	0.000000
55	0.000000
55.049999	0.000000
55.099998	0.000000
55.150002	0.000000
55.200001	0.000000
55.25	0.000000
55.299999	0.000000
55.349998	0.000000
55.400002	0.000000
55.450001	0.000000
55.5	0.000000
55.549999	0.000000
55.599998	0.000000
55.650002	0.000000
55.700001	0.000000
55.75	0.000000
55.799999	0.000000
55.849998	0.000000
55.900002	0.000000
55.950001	0.000000
56	0.000000
56.049999	0.000000
56.099998	0.000000
56.150002	0.000000
56.200001	0.000000
56.25	0.000000
56.299999	0.000000
56.349998	0.000000
56.400002	0.000000
56.450001	0.000000
56.5	0.000000
56.549999	0.000000
56.599998	0.000000
56.650002	0.000000
56.700001	0.000000
56.75	0.000000
56.799999	0.000000
56.849998	0.000000
56.900002	0.000000
56.950001	0.000000
57	0.000000
57.049999	0.000000
57.099998	0.000000
57.150002	0.000000
57.200001	0.000000
57.25	0.000000
57.299999	0.000000
57.349998	0.000000
57.400002	0.000000
57.450001	0.580904
57.5	0.000000
57.549999	0.000000
57.599998	0.000000
57.650002	0.000000
57.700001	0.000000
57.75	0.000000
57.799999	0.000000
57.849998	0.000000
57.900002	0.000000
57.950001	0.000000
58	0.000000
58.049999	0.000000
58.099998	0.000000
58.150002	0.000000
58.200001	0.000000
58.25	0.000000
58.299999	0.000000
58.349998	0.000000
58.400002	0.000000
58.450001	0.000000
58.5	0.000000
58.549999	0.000000
58.599998	0.000000
58.650002	0.000000
58.700001	0.000000
58.75	0.000000
58.799999	0.000000
58.849998	0.000000
58.900002	0.000000
58.950001	0.000000
59	0.000000
59.049999	0.000000
59.099998	0.000000
59.150002	0.000000
59.200001	0.000000
59.25	0.000000
59.299999	0.000000
59.349998	0.000000
59.400002	0.000000
59.450001	0.567310
59.5	0.000000
59.549999	0.000000
59.599998	0.000000
59.650002	0.000000
59.700001	0.000000
59.75	0.583488
59.799999	0.000000
59.849998	0.000000
59.900002	0.000000
59.950001	0.000000
60	0.000000
60.049999	0.000000
60.099998	0.000000
60.150002	0.000000
60.200001	0.000000
60.25	0.000000
60.299999	0.000000
60.349998	0.000000
60.400002	0.000000
60.450001	0.000000
60.5	0.000000
60.549999	0.000000
60.599998	0.000000
60.650002	0.000000
60.700001	0.000000
60.75	0.000000
60.799999	0.000000
60.849998	0.000000
60.900002	0.000000
60.950001	0.000000
61	0.000000
61.049999	0.000000
61.099998	0.000000
61.150002	0.000000
61.200001	0.000000
61.25	0.000000
61.299999	0.000000
61.349998	0.000000
61.400002	0.000000
61.450001	0.000000
61.5	0.570281
61.549999	0.000000
61.599998	0.000000
61.650002	0.000000
61.700001	0.000000
61.75	0.000000
61.799999	0.000000
61.849998	0.000000
61.900002	0.000000
61.950001	0.000000
62	0.000000
62.049999	0.000000
62.099998	0.000000
62.150002	0.000000
62.200001	0.000000
62.25	0.000000
62.299999	0.000000
62.349998	0.000000
62.400002	0.000000
62.450001	0.000000
62.5	0.000000
62.549999	0.000000
62.599998	0.000000
62.650002	0.000000
62.700001	0.000000
62.75	0.000000
62.799999	0.000000
62.849998	0.000000
62.900002	0.000000
62.950001	0.000000
63	0.000000
63.049999	0.000000
63.099998	0.000000
63.150002	0.000000
63.200001	0.000000
63.25	0.000000
63.299999	0.000000
63.349998	0.000000
63.400002	0.000000
63.450001	0.000000
63.5	0.000000
63.549999	0.000000
63.599998	0.000000
63.650002	0.000000
63.700001	0.000000
63.75	0.000000
63.799999	0.000000
63.849998	0.000000
63.900002	0.000000
63.950001	0.000000
64	0.000000
64.050003	0.000000
64.099998	0.000000
64.150002	0.000000
64.199997	0.000000
64.25	0.000000
64.300003	0.000000
64.349998	0.000000
64.400002	0.000000
64.449997	0.525149
64.5	0.000000
64.550003	0.000000
64.599998	0.000000
64.650002	0.000000
64.699997	0.000000
64.75	0.000000
64.800003	0.000000
64.849998	0.000000
64.900002	0.000000
64.949997	0.000000
65	0.000000
65.050003	0.000000
65.099998	0.000000
65.150002	0.000000
65.199997	0.000000
65.25	0.000000
65.300003	0.000000
65.349998	0.000000
65.400002	0.000000
65.449997	0.000000
65.5	0.000000
65.550003	0.000000
65.599998	0.000000
65.650002	0.000000
65.699997	0.000000
65.75	0.000000
65.800003	0.000000
65.849998	0.000000
65.900002	0.000000
65.949997	0.528936
66	0.000000
66.050003	0.000000
66.099998	0.000000
66.150002	0.000000
66.199997	0.000000
66.25	0.000000
66.300003	0.000000
66.349998	0.000000
66.400002	0.000000
66.449997	0.000000
66.5	0.000000
66.550003	0.000000
66.599998	0.000000
66.650002	0.000000
66.699997	0.000000
66.75	0.000000
66.800003	0.000000
66.849998	0.000000
66.900002	0.000000
66.949997	0.000000
67	0.000000
67.050003	0.000000
67.099998	0.000000
67.150002	0.000000
67.199997	0.000000
67.25	0.000000
67.300003	0.000000
67.349998	0.000000
67.400002	0.000000
67.449997	0.000000
67.5	0.000000
67.550003	0.000000
67.599998	0.000000
67.650002	0.000000
67.699997	0.000000
67.75	0.000000
67.800003	0.000000
67.849998	0.000000
67.900002	0.000000
67.949997	0.000000
68	0.000000
68.050003	0.000000
68.099998	0.000000
68.150002	0.000000
68.199997	0.000000
68.25	0.000000
68.300003	0.000000
68.349998	0.000000
68.400002	0.000000
68.449997	0.000000
68.5	0.000000
68.550003	0.000000
68.599998	0.000000
68.650002	0.000000
68.699997	0.000000
68.75	0.000000
68.800003	0.000000
68.849998	0.000000
68.900002	0.000000
68.949997	0.000000
69	0.000000
69.050003	0.000000
69.099998	0.000000
69.150002	0.000000
69.199997	0.000000
69.25	0.000000
69.300003	0.000000
69.349998	0.000000
69.400002	0.000000
69.449997	0.000000
69.5	0.000000
69.550003	0.000000
69.599998	0.000000
69.650002	0.000000
69.699997	0.000000
69.75	0.000000
69.800003	0.000000
69.849998	0.000000
69.900002	0.000000
69.949997	0.000000
70	0.000000
70.050003	0.000000
70.099998	0.000000
70.150002	0.000000
70.199997	0.000000
70.25	0.000000
70.300003	0.000000
70.349998	0.000000
70.400002	0.000000
70.449997	0.000000
70.5	0.000000
70.550003	0.000000
70.599998	0.000000
70.650002	0.000000
70.699997	0.000000
70.75	0.000000
70.800003	0.000000
70.849998	0.000000
70.900002	0.000000
70.949997	0.000000
71	0.000000
71.050003	0.000000
71.099998	0.000000
71.150002	0.000000
71.199997	0.000000
71.25	0.000000
71.300003	0.000000
71.349998	0.000000
71.400002	0.000000
71.449997	0.000000
71.5	0.000000
71.550003	0.000000
71.599998	0.000000
71.650002	0.000000
71.699997	0.000000
71.75	0.000000
71.800003	0.000000
71.849998	0.000000
71.900002	0.000000
71.949997	0.000000
72	0.000000
72.050003	0.000000
72.099998	0.000000
72.150002	0.000000
72.199997	0.000000
72.25	0.000000
72.300003	0.000000
72.349998	0.000000
72.400002	0.000000
72.449997	0.000000
72.5	0.000000
72.550003	0.000000
72.599998	0.000000
72.650002	0.000000
72.699997	0.000000
72.75	0.000000
72.800003	0.000000
72.849998	0.000000
72.900002	0.000000
72.949997	0.000000
73	0.000000
73.050003	0.000000
73.099998	0.000000
73.150002	0.000000
73.199997	0.000000
73.25	0.000000
73.300003	0.000000
73.349998	0.000000
73.400002	0.000000
73.449997	0.000000
73.5	0.000000
73.550003	0.000000
73.599998	0.000000
73.650002	0.000000
73.699997	0.000000
73.75	0.000000
73.800003	0.000000
73.849998	0.000000
73.900002	0.000000
73.949997	0.000000
74	0.000000
74.050003	0.000000
74.099998	0.000000
74.150002	0.000000
74.199997	0.000000
74.25	0.000000
74.300003	0.000000
74.349998	0.000000
74.400002	0.000000
74.449997	0.000000
74.5	0.000000
74.550003	0.000000
74.599998	0.000000
74.650002	0.000000
74.699997	0.000000
74.75	0.000000
74.800003	0.000000
74.849998	0.000000
74.900002	0.000000
74.949997	0.000000
75	0.000000
75.050003	0.000000
75.099998	0.000000
75.150002	0.000000
75.199997	0.000000
75.25	0.000000
75.300003	0.000000
75.349998	0.000000
75.400002	0.000000
75.449997	0.000000
75.5	0.000000
75.550003	0.000000
75.599998	0.000000
75.650002	0.000000
75.699997	0.000000
75.75	0.000000
75.800003	0.000000
75.849998	0.000000
75.900002	0.000000
75.949997	0.000000
76	0.000000
76.050003	0.000000
76.099998	0.000000
76.150002	0.000000
76.199997	0.000000
76.25	0.000000
76.300003	0.000000
76.349998	0.000000
76.400002	0.000000
76.449997	0.000000
76.5	0.000000
76.550003	0.000000
76.599998	0.000000
76.650002	0.000000
76.699997	0.000000
76.75	0.000000
76.800003	0.000000
76.849998	0.000000
76.900002	0.000000
76.949997	0.000000
77	0.000000
77.050003	0.000000
77.099998	0.000000
77.150002	0.000000
77.199997	0.000000
77.25	0.000000
77.300003	0.000000
77.349998	0.000000
77.400002	0.000000
77.449997	0.000000
77.5	0.000000
77.550003	0.000000
77.599998	0.000000
77.650002	0.000000
77.699997	0.000000
77.75	0.000000
77.800003	0.000000
77.849998	0.000000
77.900002	0.000000
77.949997	0.000000
78	0.000000
78.050003	0.000000
78.099998	0.000000
78.150002	0.000000
78.199997	0.000000
78.25	0.000000
78.300003	0.000000
78.349998	0.000000
78.400002	0.000000
78.449997	0.000000
78.5	0.000000
78.550003	0.000000
78.599998	0.000000
78.650002	0.000000
78.699997	0.000000
78.75	0.000000
78.800003	0.000000
78.849998	0.000000
78.900002	0.000000
78.949997	0.000000
79	0.000000
79.050003	0.000000
79.099998	0.000000
79.150002	0.000000
79.199997	0.000000
79.25	0.000000
79.300003	0.000000
79.349998	0.000000
79.400002	0.000000
79.449997	0.000000
79.5	0.000000
79.550003	0.000000
79.599998	0.000000
79.650002	0.000000
79.699997	0.000000
79.75	0.000000
79.800003	0.000000
79.849998	0.000000
79.900002	0.000000
79.949997	0.000000
80	0.000000
80.050003	0.000000
80.099998	0.000000
80.150002	0.000000
80.199997	0.000000
80.25	0.000000
80.300003	0.000000
80.349998	0.000000
80.400002	0.000000
80.449997	0.000000
80.5	0.000000
80.550003	0.000000
80.599998	0.000000
80.650002	0.000000
80.699997	0.000000
80.75	0.000000
80.800003	0.000000
80.849998	0.000000
80.900002	0.000000
80.949997	0.000000
81	0.000000
81.050003	0.000000
81.099998	0.000000
81.150002	0.000000
81.199997	0.000000
81.25	0.000000
81.300003	0.000000
81.349998	0.000000
81.400002	0.000000
81.449997	0.000000
81.5	0.000000
81.550003	0.000000
81.599998	0.000000
81.650002	0.000000
81.699997	0.000000
81.75	0.000000
81.800003	0.000000
81.849998	0.000000
81.900002	0.000000
81.949997	0.000000
82	0.000000
82.050003	0.000000
82.099998	0.000000
82.150002	0.000000
82.199997	0.000000
82.25	0.000000
82.300003	0.000000
82.349998	0.000000
82.400002	0.000000
82.449997	0.000000
82.5	0.000000
82.550003	0.000000
82.599998	0.000000
82.650002	0.000000
82.699997	0.000000
82.75	0.000000
82.800003	0.000000
82.849998	0.000000
82.900002	0.000000
82.949997	0.000000
83	0.000000
83.050003	0.000000
83.099998	0.000000
83.150002	0.000000
83.199997	0.000000
83.25	0.000000
83.300003	0.000000
83.349998	0.000000
83.400002	0.000000
83.449997	0.000000
83.5	0.000000
83.550003	0.000000
83.599998	0.000000
83.650002	0.000000
83.699997	0.000000
83.75	0.000000
83.800003	0.000000
83.849998	0.000000
83.900002	0.000000
83.949997	0.000000
84	0.000000
84.050003	0.000000
84.099998	0.000000
84.150002	0.000000
84.199997	0.000000
84.25	0.000000
84.300003	0.000000
84.349998	0.000000
84.400002	0.000000
84.449997	0.000000
84.5	0.000000
84.550003	0.000000
84.599998	0.000000
84.650002	0.000000
84.699997	0.000000
84.75	0.000000
84.800003	0.000000
84.849998	0.000000
84.900002	0.000000
84.949997	0.000000
85	0.000000
85.050003	0.000000
85.099998	0.000000
85.150002	0.000000
85.199997	0.000000
85.25	0.000000
85.300003	0.000000
85.349998	0.000000
85.400002	0.000000
85.449997	0.000000
85.5	0.000000
85.550003	0.000000
85.599998	0.000000
85.650002	0.000000
85.699997	0.000000
85.75	0.000000
85.800003	0.000000
85.849998	0.000000
85.900002	0.000000
85.949997	0.000000
86	0.000000
86.050003	0.000000
86.099998	0.000000
86.150002	0.000000
86.199997	0.000000
86.25	0.000000
86.300003	0.000000
86.349998	0.000000
86.400002	0.000000
86.449997	0.000000
86.5	0.000000
86.550003	0.000000
86.599998	0.000000
86.650002	0.000000
86.699997	0.000000
86.75	0.000000
86.800003	0.000000
86.849998	0.000000
86.900002	0.000000
86.949997	0.000000
87	0.000000
87.050003	0.000000
87.099998	0.000000
87.150002	0.000000
87.199997	0.000000
87.25	0.000000
87.300003	0.000000
87.349998	0.000000
87.400002	0.000000
87.449997	0.000000
87.5	0.000000
87.550003	0.000000
87.599998	0.000000
87.650002	0.000000
87.699997	0.000000
87.75	0.000000
87.800003	0.000000
87.849998	0.000000
87.900002	0.000000
87.949997	0.000000
88	0.000000
88.050003	0.000000
88.099998	0.000000
88.150002	0.000000
88.199997	0.000000
88.25	0.000000
88.300003	0.000000
88.349998	0.000000
88.400002	0.000000
88.449997	0.000000
88.5	0.000000
88.550003	0.000000
88.599998	0.000000
88.650002	0.000000
88.699997	0.000000
88.75	0.000000
88.800003	0.000000
88.849998	0.000000
88.900002	0.000000
88.949997	0.000000
89	0.000000
89.050003	0.000000
89.099998	0.000000
89.150002	0.000000
89.199997	0.000000
89.25	0.000000
89.300003	0.000000
89.349998	0.000000
89.400002	0.000000
89.449997	0.000000
89.5	0.000000
89.550003	0.000000
89.599998	0.000000
89.650002	0.000000
89.699997	0.000000
89.75	0.000000
89.800003	0.000000
89.849998	0.000000
89.900002	0.000000
89.949997	0.000000
90	0.000000
90.050003	0.000000
90.099998	0.000000
90.150002	0.000000
90.199997	0.000000
90.25	0.000000
90.300003	0.000000
90.349998	0.000000
90.400002	0.000000
90.449997	0.000000
90.5	0.000000
90.550003	0.000000
90.599998	0.000000
90.650002	0.000000
90.699997	0.000000
90.75	0.000000
90.800003	0.000000
90.849998	0.000000
90.900002	0.000000
90.949997	0.000000
91	0.000000
91.050003	0.000000
91.099998	0.000000
91.150002	0.000000
91.199997	0.000000
91.25	0.000000
91.300003	0.000000
91.349998	0.000000
91.400002	0.000000
91.449997	0.000000
91.5	0.000000
91.550003	0.000000
91.599998	0.000000
91.650002	0.000000
91.699997	0.000000
91.75	0.000000
91.800003	0.000000
91.849998	0.000000
91.900002	0.000000
91.949997	0.000000
92	0.000000
92.050003	0.000000
92.099998	0.000000
92.150002	0.000000
92.199997	0.000000
92.25	0.000000
92.300003	0.000000
92.349998	0.000000
92.400002	0.000000
92.449997	0.000000
92.5	0.000000
92.550003	0.000000
92.599998	0.000000
92.650002	0.000000
92.699997	0.000000
92.75	0.000000
92.800003	0.000000
92.849998	0.000000
92.900002	0.000000
92.949997	0.000000
93	0.000000
93.050003	0.000000
93.099998	0.000000
93.150002	0.000000
93.199997	0.000000
93.25	0.000000
93.300003	0.000000
93.349998	0.000000
93.400002	0.000000
93.449997	0.000000
93.5	0.000000
93.550003	0.000000
93.599998	0.000000
93.650002	0.000000
93.699997	0.000000
93.75	0.000000
93.800003	0.000000
93.849998	0.000000
93.900002	0.000000
93.949997	0.000000
94	0.000000
94.050003	0.000000
94.099998	0.000000
94.150002	0.000000
94.199997	0.000000
94.25	0.000000
94.300003	0.000000
94.349998	0.000000
94.400002	0.000000
94.449997	0.000000
94.5	0.000000
94.550003	0.000000
94.599998	0.000000
94.650002	0.000000
94.699997	0.000000
94.75	0.000000
94.800003	0.000000
94.849998	0.000000
94.900002	0.000000
94.949997	0.000000
95	0.000000
95.050003	0.000000
95.099998	0.000000
95.150002	0.000000
95.199997	0.000000
95.25	0.000000
95.300003	0.000000
95.349998	0.000000
95.400002	0.000000
95.449997	0.000000
95.5	0.000000
95.550003	0.000000
95.599998	0.000000
95.650002	0.000000
95.699997	0.000000
95.75	0.000000
95.800003	0.000000
95.849998	0.000000
95.900002	0.000000
95.949997	0.000000
96	0.000000
96.050003	0.000000
96.099998	0.000000
96.150002	0.000000
96.199997	0.000000
96.25	0.000000
96.300003	0.000000
96.349998	0.000000
96.400002	0.000000
96.449997	0.000000
96.5	0.000000
96.550003	0.000000
96.599998	0.000000
96.650002	0.000000
96.699997	0.000000
96.75	0.000000
96.800003	0.000000
96.849998	0.000000
96.900002	0.000000
96.949997	0.000000
97	0.000000
97.050003	0.000000
97.099998	0.000000
97.150002	0.000000
97.199997	0.000000
97.25	0.000000
97.300003	0.000000
97.349998	0.000000
97.400002	0.000000
97.449997	0.000000
97.5	0.000000
97.550003	0.000000
97.599998	0.000000
97.650002	0.000000
97.699997	0.000000
97.75	0.000000
97.800003	0.000000
97.849998	0.000000
97.900002	0.000000
97.949997	0.000000
98	0.000000
98.050003	0.000000
98.099998	0.000000
98.150002	0.000000
98.199997	0.000000
98.25	0.000000
98.300003	0.000000
98.349998	0.000000
98.400002	0.000000
98.449997	0.000000
98.5	0.000000
98.550003	0.000000
98.599998	0.000000
98.650002	0.000000
98.699997	0.000000
98.75	0.000000
98.800003	0.000000
98.849998	0.000000
98.900002	0.000000
98.949997	0.000000
99	0.000000
99.050003	0.000000
99.099998	0.000000
99.150002	0.000000
99.199997	0.000000
99.25	0.000000
99.300003	0.000000
99.349998	0.000000
99.400002	0.000000
99.449997	0.000000
99.5	0.000000
99.550003	0.000000
99.599998	0.000000
99.650002	0.000000
99.699997	0.000000
99.75	0.000000
99.800003	0.000000
99.849998	0.000000
99.900002	0.000000
99.949997	0.000000
100	0.000000
100.050003	0.000000
100.099998	0.000000
100.150002	0.000000
100.199997	0.000000
100.25	0.000000
100.300003	0.000000
100.349998	0.000000
100.400002	0.000000
100.449997	0.000000
100.5	0.000000
100.550003	0.000000
100.599998	0.000000
100.650002	0.000000
100.699997	0.000000
100.75	0.000000
100.800003	0.000000
100.849998	0.000000
100.900002	0.000000
100.949997	0.000000
101	0.000000
101.050003	0.000000
101.099998	0.000000
101.150002	0.000000
101.199997	0.000000
101.25	0.000000
101.300003	0.000000
101.349998	0.000000
101.400002	0.000000
101.449997	0.000000
101.5	0.000000
101.550003	0.000000
101.599998	0.000000
101.650002	0.000000
101.699997	0.000000
101.75	0.000000
101.800003	0.000000
101.849998	0.000000
101.900002	0.000000
101.949997	0.000000
102	0.000000
102.050003	0.000000
102.099998	0.000000
102.150002	0.000000
102.199997	0.000000
102.25	0.000000
102.300003	0.000000
102.349998	0.000000
102.400002	0.000000
102.449997	0.000000
102.5	0.000000
102.550003	0.000000
102.599998	0.000000
102.650002	0.000000
102.699997	0.000000
102.75	0.000000
102.800003	0.000000
102.849998	0.000000
102.900002	0.000000
102.949997	0.000000
103	0.000000
103.050003	0.000000
103.099998	0.000000
103.150002	0.000000
103.199997	0.000000
103.25	0.000000
103.300003	0.000000
103.349998	0.000000
103.400002	0.000000
103.449997	0.000000
103.5	0.000000
103.550003	0.000000
103.599998	0.000000
103.650002	0.000000
103.699997	0.000000
103.75	0.000000
103.800003	0.000000
103.849998	0.000000
103.900002	0.000000
103.949997	0.000000
104	0.000000
104.050003	0.000000
104.099998	0.000000
104.150002	0.000000
104.199997	0.000000
104.25	0.000000
104.300003	0.000000
104.349998	0.000000
104.400002	0.000000
104.449997	0.000000
104.5	0.000000
104.550003	0.000000
104.599998	0.000000
104.650002	0.000000
104.699997	0.000000
104.75	0.000000
104.800003	0.000000
104.849998	0.000000
104.900002	0.000000
104.949997	0.000000
105	0.000000
105.050003	0.000000
105.099998	0.000000
105.150002	0.000000
105.199997	0.000000
105.25	0.000000
105.300003	0.000000
105.349998	0.000000
105.400002	0.000000
105.449997	0.000000
105.5	0.000000
105.550003	0.000000
105.599998	0.000000
105.650002	0.000000
105.699997	0.000000
105.75	0.000000
105.800003	0.000000
105.849998	0.000000
105.900002	0.000000
105.949997	0.000000
106	0.000000
106.050003	0.000000
106.099998	0.000000
106.150002	0.000000
106.199997	0.000000
106.25	0.000000
106.300003	0.000000
106.349998	0.000000
106.400002	0.000000
106.449997	0.000000
106.5	0.000000
106.550003	0.000000
106.599998	0.000000
106.650002	0.000000
106.699997	0.000000
106.75	0.000000
106.800003	0.000000
106.849998	0.000000
106.900002	0.000000
106.949997	0.000000
107	0.000000
107.050003	0.000000
107.099998	0.000000
107.150002	0.000000
107.199997	0.000000
107.25	0.000000
107.300003	0.000000
107.349998	0.000000
107.400002	0.000000
107.449997	0.000000
107.5	0.000000
107.550003	0.000000
107.599998	0.000000
107.650002	0.000000
107.699997	0.000000
107.75	0.000000
107.800003	0.000000
107.849998	0.000000
107.900002	0.000000
107.949997	0.000000
108	0.000000
108.050003	0.000000
108.099998	0.000000
108.150002	0.000000
108.199997	0.000000
108.25	0.000000
108.300003	0.000000
108.349998	0.000000
108.400002	0.000000
108.449997	0.000000
108.5	0.000000
108.550003	0.000000
108.599998	0.000000
108.650002	0.000000
108.699997	0.000000
108.75	0.000000
108.800003	0.000000
108.849998	0.000000
108.900002	0.000000
108.949997	0.000000
109	0.000000
109.050003	0.000000
109.099998	0.000000
109.150002	0.000000
109.199997	0.000000
109.25	0.000000
109.300003	0.000000
109.349998	0.000000
109.400002	0.000000
109.449997	0.000000
109.5	0.000000
109.550003	0.000000
109.599998	0.000000
109.650002	0.000000
109.699997	0.000000
109.75	0.000000
109.800003	0.000000
109.849998	0.000000
109.900002	0.000000
109.949997	0.000000
110	0.000000
110.050003	0.000000
110.099998	0.000000
110.150002	0.000000
110.199997	0.000000
110.25	0.000000
110.300003	0.000000
110.349998	0.000000
110.400002	0.000000
110.449997	0.000000
110.5	0.000000
110.550003	0.000000
110.599998	0.000000
110.650002	0.000000
110.699997	0.000000
110.75	0.000000
110.800003	0.000000
110.849998	0.000000
110.900002	0.000000
110.949997	0.000000
111	0.000000
111.050003	0.000000
111.099998	0.000000
111.150002	0.000000
111.199997	0.000000
111.25	0.000000
111.300003	0.000000
111.349998	0.000000
111.400002	0.000000
111.449997	0.000000
111.5	0.000000
111.550003	0.000000
111.599998	0.000000
111.650002	0.000000
111.699997	0.000000
111.75	0.000000
111.800003	0.000000
111.849998	0.000000
111.900002	0.000000
111.949997	0.000000
112	0.000000
112.050003	0.000000
112.099998	0.000000
112.150002	0.000000
112.199997	0.000000
112.25	0.000000
112.300003	0.000000
112.349998	0.000000
112.400002	0.000000
112.449997	0.000000
112.5	0.000000
112.550003	0.000000
112.599998	0.000000
112.650002	0.000000
112.699997	0.000000
112.75	0.000000
112.800003	0.000000
112.849998	0.000000
112.900002	0.000000
112.949997	0.000000
113	0.000000
113.050003	0.000000
113.099998	0.000000
113.150002	0.000000
113.199997	0.000000
113.25	0.000000
113.300003	0.000000
113.349998	0.000000
113.400002	0.000000
113.449997	0.000000
113.5	0.000000
113.550003	0.000000
113.599998	0.000000
113.650002	0.000000
113.699997	0.000000
113.75	0.000000
113.800003	0.000000
113.849998	0.000000
113.900002	0.000000
113.949997	0.000000
114	0.000000
114.050003	0.000000
114.099998	0.000000
114.150002	0.000000
114.199997	0.000000
114.25	0.000000
114.300003	0.000000
114.349998	0.000000
114.400002	0.000000
114.449997	0.000000
114.5	0.000000
114.550003	0.000000
114.599998	0.000000
114.650002	0.000000
114.699997	0.000000
114.75	0.000000
114.800003	0.000000
114.849998	0.000000
114.900002	0.000000
114.949997	0.000000
115	0.000000
115.050003	0.000000
115.099998	0.000000
115.150002	0.000000
115.199997	0.000000
115.25	0.000000
115.300003	0.000000
115.349998	0.000000
115.400002	0.000000
115.449997	0.000000
115.5	0.000000
115.550003	0.000000
115.599998	0.000000
115.650002	0.000000
115.699997	0.000000
115.75	0.000000
115.800003	0.000000
115.849998	0.000000
115.900002	0.000000
115.949997	0.000000
116	0.000000
116.050003	0.000000
116.099998	0.000000
116.150002	0.000000
116.199997	0.000000
116.25	0.000000
116.300003	0.000000
116.349998	0.000000
116.400002	0.000000
116.449997	0.000000
116.5	0.000000
116.550003	0.000000
116.599998	0.000000
116.650002	0.000000
116.699997	0.000000
116.75	0.000000
116.800003	0.000000
116.849998	0.000000
116.900002	0.000000
116.949997	0.000000
117	0.000000
117.050003	0.000000
117.099998	0.000000
117.150002	0.000000
117.199997	0.000000
117.25	0.000000
117.300003	0.000000
117.349998	0.000000
117.400002	0.000000
117.449997	0.000000
117.5	0.000000
117.550003	0.000000
117.599998	0.000000
117.650002	0.000000
117.699997	0.000000
117.75	0.000000
117.800003	0.000000
117.849998	0.000000
117.900002	0.000000
117.949997	0.000000
118	0.000000
118.050003	0.000000
118.099998	0.000000
118.150002	0.000000
118.199997	0.000000
118.25	0.000000
118.300003	0.000000
118.349998	0.000000
118.400002	0.000000
118.449997	0.000000
118.5	0.000000
118.550003	0.000000
118.599998	0.000000
118.650002	0.000000
118.699997	0.000000
118.75	0.000000
118.800003	0.000000
118.849998	0.000000
118.900002	0.000000
118.949997	0.000000
119	0.000000
119.050003	0.000000
119.099998	0.000000
119.150002	0.000000
119.199997	0.000000
119.25	0.000000
119.300003	0.000000
119.349998	0.000000
119.400002	0.000000
119.449997	0.000000
119.5	0.000000
119.550003	0.000000
119.599998	0.000000
119.650002	0.000000
119.699997	0.000000
119.75	0.000000
119.800003	0.000000
119.849998	0.000000
119.900002	0.000000
119.949997	0.000000
