0.000000	0.000000
0.050000	0.000000
0.100000	10649735405698.285156
0.150000	0.000000
0.200000	7481870218805.195312
0.250000	6759752811996.366211
0.300000	11121494078710.017578
0.350000	7359262685557.836914
0.400000	11021464745316.074219
0.450000	4603771855464.411133
0.500000	9952940707126.265625
0.550000	8153763178212.029297
0.600000	15436296323155.792969
0.650000	11783247596426.142578
0.700000	6755195935400.931641
0.750000	12349487065423.332031
0.800000	9539265275625.771484
0.850000	11447593470747.490234
0.900000	9269757616414.765625
0.950000	6654571984302.268555
1.000000	9453801209246.771484
1.050000	11728438989358.072266
1.100000	7211836495924.442383
1.150000	13824996554672.177734
1.200000	7447148987100.158203
1.250000	11494717505558.138672
1.300000	9864678343048.421875
1.350000	9736466008606.345703
1.400000	10194969462276.863281
1.450000	11077889423790.917969
1.500000	10989047474338.808594
1.550000	5797385769546.500977
1.600000	7528754983018.317383
1.650000	9462132765389.322266
1.700000	9735282704495.984375
1.750000	5543723882924.755859
1.800000	5199009393277.131836
1.850000	7653797016661.744141
1.900000	10408202659617.523438
1.950000	9555541927423.244141
2.000000	9013335626055.318359
2.050000	7528345792847.330078
2.100000	9020216740803.339844
2.150000	7927691071099.644531
2.200000	9980866657127.845703
2.250000	5894876190680.683594
2.300000	10500966542398.007812
2.350000	8908120244032.082031
2.400000	9425012792328.496094
2.450000	8310628190651.757812
2.500000	7549671561217.609375
2.550000	6763739492441.143555
2.600000	8482784792441.460938
2.650000	3827085061879.667969
2.700000	8174506342541.093750
2.750000	6251703778686.188477
2.800000	7646170614860.717773
2.850000	8007657570273.438477
2.900000	6627579535417.491211
2.950000	5298473987919.777344
3.000000	6127811568637.765625
3.050000	3404946595365.483887
3.100000	8646307398075.986328
3.150000	9527103761274.337891
3.200000	5859620587311.663086
3.250000	9465341484738.775391
3.300000	6081178775752.819336
3.350000	7010567721862.511719
3.400000	7223469215529.406250
3.450000	6481701445701.399414
3.500000	5311179187918.550781
3.550000	5656504486406.056641
3.600000	8594614150443.750977
3.650000	7649452454168.634766
3.700000	9261064907390.025391
3.750000	3815423521066.434082
3.800000	5215062116986.234375
3.850000	3199209453463.759766
3.900000	7753850637909.153320
3.950000	5935965305572.499023
4.000000	3805213312056.663086
4.050000	6022253760372.222656
4.100000	5660994122068.441406
4.150000	8980499613566.976562
4.200000	6013034955534.805664
4.250000	3553253186594.958008
4.300000	5986122912407.916016
4.350000	7803057933205.849609
4.400000	11215086439637.054688
4.450000	4138967356937.449219
4.500000	7010964306667.698242
4.550000	4294570956514.491699
4.600000	5059131742520.932617
4.650000	5730669339355.381836
4.700000	4431577385247.149414
4.750000	6884543286158.346680
4.800000	5386533607960.291016
4.850000	5671695583781.124023
4.900000	6925717231900.189453
4.950000	7586998905023.362305
5.000000	4499113017560.875977
5.050000	4807348727397.860352
5.100000	4524497787432.864258
5.150000	8146236478770.900391
5.200000	3524967099644.887695
5.250000	6735322244688.315430
5.300000	5417089921599.197266
5.350000	4252369535712.313965
5.400000	6200113363859.479492
5.450000	4854860311905.144531
5.500000	4115850960303.004883
5.550000	6471703139173.258789
5.600000	5666432970688.139648
5.650000	3757316834366.202148
5.700000	4972398012331.257812
5.750000	4613966266910.447266
5.800000	4884897006063.071289
5.850000	4189832662611.872070
5.900000	5138163345219.351562
5.950000	2807081027267.954590
6.000000	1485060118334.326172
6.050000	7646895864443.511719
6.100000	3070054086981.638184
6.150000	4143196350889.257324
6.200000	4339141160551.427734
6.250000	4487299123812.515625
6.300000	4729599117709.093750
6.350000	4589960868357.801758
6.400000	3367625348972.399414
6.450000	954040049343.014648
6.500000	6116697695011.233398
6.550000	3552368810375.033691
6.600000	5166801391169.686523
6.650000	6875392981581.508789
6.700000	4903976997076.656250
6.750000	5474441638782.853516
6.800000	6353860309613.936523
6.850000	2371847635316.257812
6.900000	4863725206161.906250
6.950000	4033349097920.736328
7.000000	2491109842980.703613
7.050000	4162521505673.562012
7.100000	1342217514584.422852
7.150000	5021053196094.220703
7.200000	4676792522726.090820
7.250000	3873330432587.461426
7.300000	2219014867728.263672
7.350000	2314683287184.947266
7.400000	3630656772025.009277
7.450000	1577930214226.242188
7.500000	2572641963922.252930
7.550000	2566615803133.166992
7.600000	2358508907718.864258
7.650000	3250093913397.432129
7.700000	3515788644881.949219
7.750000	2062961748534.747803
7.800000	3492442564366.197754
7.850000	4640879817848.553711
7.900000	3286569669556.879883
7.950000	5923088277516.995117
8.000000	2045919547556.007080
8.050000	2456880487758.894531
8.100000	2400931485377.531738
8.150000	4691871123174.510742
8.200000	1350623840640.207520
8.250000	2752717301225.041504
8.300000	2814171160280.445312
8.350000	3563802827982.837402
8.400000	4391553868235.820801
8.450000	779162187085.262329
8.500000	2860140628093.199707
8.550000	2566751893483.696289
8.600000	1896783924187.173828
8.650000	2479023398019.067383
8.700000	6115981326002.690430
8.750000	2959658982799.885742
8.800000	5260529502788.444336
8.850000	6044187549943.958008
8.900000	2157344794099.899902
8.950000	3615901550194.798828
9.000000	3176044658118.128418
9.050000	2417610936506.147949
9.100000	4101465032795.802246
9.150000	2401709084350.134277
9.200000	229977230218.310272
9.250000	899565002970.057373
9.300000	2620031320289.484863
9.350000	3248379527976.788574
9.400000	3772988376322.412598
9.450000	5419112956024.949219
9.500000	4290660478719.887695
9.550000	2422815978053.941895
9.600000	2287842401924.491211
9.650000	1313060879472.287598
9.700000	1877903412248.602539
9.750000	2105822796343.882080
9.800000	1240368280763.488037
9.850000	3039108901064.914062
9.900000	1323237194306.647461
9.950000	1759908342982.322998
10.000000	1338863620231.446777
10.050000	4362749552692.637695
10.100000	1411825434041.322754
10.150000	2689110827079.715332
10.200000	819781590603.623169
10.250000	3716517252144.738770
10.300000	3532940859783.092285
10.350000	438320780850.776123
10.400000	1701284689394.606934
10.450000	3033887578656.064453
10.500000	3226531671039.854004
10.550000	2003942207223.606934
10.600000	1586394539289.364990
10.650000	2394609408829.081055
10.700000	1884578148262.109131
10.750000	1394463578187.812012
10.800000	464007176592.645813
10.850000	2926465521883.429199
10.900000	2443209684641.517578
10.950000	2181402910902.783203
11.000000	897736433624.893066
11.050000	1795724542289.294922
11.100000	1860694217401.050537
11.150000	3649523526553.526855
11.200000	1464927564412.398438
11.250000	549381729952.236511
11.300000	2649946697865.975586
11.350000	1476750206072.645020
11.400000	1446008985112.802734
11.450000	1862933770985.328613
11.500000	1831440326610.877686
11.550000	573993105515.281494
11.600000	2505986778674.160645
11.650000	2176542540229.112305
11.700000	3190074457137.392578
11.750000	3796410683007.242188
11.800000	0.000000
11.850000	2186561629176.582520
11.900000	1002184013032.131104
11.950000	0.000000
12.000000	1953696653244.775879
12.050000	954964964671.215942
12.100000	978459102090.894287
12.150000	2012375835897.249268
12.200000	2096506657034.264404
12.250000	0.000000
12.300000	1858288186443.747070
12.350000	1605437221644.830078
12.400000	1237689443869.368408
12.450000	898225479180.273438
12.500000	1688101496453.956299
12.550000	1122468554514.871826
12.600000	1944092321875.796875
12.650000	1082243582597.753540
12.700000	534128225355.176575
12.750000	1515501190543.468750
12.800000	3455803253262.566895
12.850000	972274576442.955322
12.900000	1634391575584.109375
12.950000	1698366264259.252441
13.000000	1083247703489.365234
13.050000	1132222441320.425781
13.100000	2325642360905.667480
13.150000	1638517371144.695312
13.200000	0.000000
13.250000	860431852476.246094
13.300000	0.000000
13.350000	1046662405991.396606
13.400000	2139274257176.993164
13.450000	2027379102895.072754
13.500000	692124064709.674683
13.550000	0.000000
13.600000	2167714734549.208008
13.650000	0.000000
13.700000	443970350589.946777
13.750000	1002418593344.979370
13.800000	1446755800183.057373
13.850000	488989954244.109680
13.900000	1263310915116.062988
13.950000	2129354863529.353027
14.000000	571772164299.753540
14.050000	1565656997891.690918
14.100000	0.000000
14.150000	727173669501.362793
14.200000	1943534752631.338135
14.250000	901267137792.248535
14.300000	1382572848136.051270
14.350000	1017220014031.208862
14.400000	1127429896170.490967
14.450000	1078346826004.765137
14.500000	0.000000
14.550000	552268241993.711060
14.600000	1826455843029.898438
14.650000	963009699394.418457
14.700000	1942277910481.636719
14.750000	4713086887969.334961
14.800000	0.000000
14.850000	2747035042860.237793
14.900000	851152197433.570312
14.950000	2662884744548.948242
15.000000	1822130377520.751221
15.050000	1073719893844.645630
15.100000	850074839115.668945
15.150000	1327641225457.253662
15.200000	475130368387.034607
15.250000	772506368340.856323
15.300000	0.000000
15.350000	851975454398.605957
15.400000	0.000000
15.450000	1103945710507.358887
15.500000	443255841607.951538
15.550000	762422802937.370483
15.600000	0.000000
15.650000	512936572759.199341
15.700000	710161230139.500122
15.750000	1396875635830.104980
15.800000	1972091513237.860596
15.850000	459834514694.067139
15.900000	0.000000
15.950000	1111311082968.736328
16.000000	393127487055.934448
16.050000	1340464626429.270020
16.100000	0.000000
16.150000	312656262590.701172
16.200000	1071912255095.694824
16.250000	513512760406.062927
16.300000	452590434349.752747
16.350000	2553926160431.225586
16.400000	1035085131017.918335
16.450000	2348593066348.993164
16.500000	1361324575108.745850
16.550000	605199381770.253784
16.600000	1099091253684.985229
16.650000	2525735894879.358398
16.700000	0.000000
16.750000	0.000000
16.800000	0.000000
16.850000	558632939952.957764
16.900000	965952306337.351440
16.950000	1786732537063.177734
17.000000	1197438260263.055176
17.050000	1046958369516.281982
17.100000	419074863641.541626
17.150000	943641053762.968262
17.200000	845316417892.869629
17.250000	0.000000
17.300000	421932713263.212219
17.350000	405169152250.976807
17.400000	0.000000
17.450000	681129872949.374023
17.500000	0.000000
17.550000	0.000000
17.600000	383664924783.819763
17.650000	1292398223120.830078
17.700000	0.000000
17.750000	1200961332152.910889
17.800000	463224911245.913757
17.850000	1071952491791.537964
17.900000	0.000000
17.950000	0.000000
18.000000	0.000000
18.050000	957722773399.863281
18.100000	289858462720.294189
18.150000	902980153611.242554
18.200000	1219705964129.640381
18.250000	0.000000
18.300000	503952132947.460266
18.350000	676772749150.981689
18.400000	1260723166475.163086
18.450000	1483624040464.415039
18.500000	837275548517.928955
18.550000	0.000000
18.600000	508654494192.263428
18.650000	0.000000
18.700000	456125343108.764160
18.750000	574248578292.103882
18.800000	1558418671697.790039
18.850000	893680761205.511963
18.900000	1244276941253.759277
18.950000	550488515393.091064
19.000000	0.000000
19.050000	435657378350.159119
19.100000	987097344440.964600
19.150000	1060972008126.302979
19.200000	2048949557241.311523
19.250000	380450437238.153564
19.300000	0.000000
19.350000	1084475031871.332031
19.400000	946452990063.903076
19.450000	742610846200.204712
19.500000	0.000000
19.550000	473850624969.254761
19.600000	408365278485.030762
19.650000	634043742236.803589
19.700000	535198629096.498108
19.750000	0.000000
19.800000	0.000000
19.850000	485963592287.331238
19.900000	0.000000
19.950000	423943485745.225159
20.000000	1343207772672.001465
20.050000	0.000000
20.100000	354000382683.801758
20.150000	0.000000
20.200000	518451847495.664917
20.250000	0.000000
20.300000	547960437619.379395
20.350000	0.000000
20.400000	0.000000
20.450000	437502140033.660583
20.500000	708044623632.101074
20.550000	969303181433.762207
20.600000	0.000000
20.650000	432171908812.233215
20.700000	0.000000
20.750000	635320635731.814209
20.800000	436798576018.785278
20.850000	1088320009411.279053
20.900000	566893743428.556274
20.950000	795652715810.787964
21.000000	2057082027194.298340
21.050000	531135452237.439270
21.100000	579111339091.526489
21.150000	0.000000
21.200000	310152704746.772583
21.250000	0.000000
21.300000	583995419336.449341
21.350000	491302348935.159119
21.400000	0.000000
21.450000	0.000000
21.500000	0.000000
21.550000	0.000000
21.600000	0.000000
21.650000	0.000000
21.700000	342881757683.750244
21.750000	0.000000
21.800000	0.000000
21.850000	0.000000
21.900000	526769018517.576843
21.950000	0.000000
22.000000	575548477849.968262
22.050000	0.000000
22.100000	0.000000
22.150000	551916782629.083130
22.200000	1229570385571.916992
22.250000	1217076481744.897705
22.300000	0.000000
22.350000	0.000000
22.400000	0.000000
22.450000	683723964702.373047
22.500000	732828316103.165039
22.550000	0.000000
22.600000	0.000000
22.650000	0.000000
22.700000	572691324509.879883
22.750000	611671955714.246094
22.800000	0.000000
22.850000	0.000000
22.900000	0.000000
22.950000	0.000000
23.000000	0.000000
23.050000	562332018846.250977
23.100000	0.000000
23.150000	424215927311.654053
23.200000	620000465129.500854
23.250000	0.000000
23.300000	339526964721.468018
23.350000	0.000000
23.400000	0.000000
23.450000	569680448097.417358
23.500000	378998808103.664795
23.550000	0.000000
23.600000	0.000000
23.650000	0.000000
23.700000	0.000000
23.750000	394890579101.866394
23.800000	0.000000
23.850000	0.000000
23.900000	481414949220.251343
23.950000	0.000000
24.000000	0.000000
24.050000	572719625512.270996
24.100000	0.000000
24.150000	0.000000
24.200000	0.000000
24.250000	0.000000
24.300000	0.000000
24.350000	725901446186.335571
24.400000	565758608976.293701
24.450000	0.000000
24.500000	0.000000
24.550000	0.000000
24.600000	0.000000
24.650000	0.000000
24.700000	0.000000
24.750000	0.000000
24.800000	383730775377.008606
24.850000	0.000000
24.900000	666772735747.084106
24.950000	380583711379.895935
25.000000	519314903070.389526
25.050000	427046962043.736084
25.100000	734429005812.476562
25.150000	0.000000
25.200000	0.000000
25.250000	0.000000
25.300000	0.000000
25.350000	0.000000
25.400000	0.000000
25.450000	0.000000
25.500000	0.000000
25.550000	0.000000
25.600000	0.000000
25.650000	0.000000
25.700000	0.000000
25.750000	0.000000
25.800000	0.000000
25.850000	0.000000
25.900000	0.000000
25.950000	0.000000
26.000000	0.000000
26.050000	0.000000
26.100000	0.000000
26.150000	0.000000
26.200000	0.000000
26.250000	544833133524.070801
26.300000	0.000000
26.350000	0.000000
26.400000	0.000000
26.450000	1001812199389.759644
26.500000	995557661412.688354
26.550000	0.000000
26.600000	0.000000
26.650000	0.000000
26.700000	582370700533.778809
26.750000	0.000000
26.800000	0.000000
26.850000	0.000000
26.900000	0.000000
26.950000	0.000000
27.000000	0.000000
27.050000	0.000000
27.100000	0.000000
27.150000	906971353836.764160
27.200000	736189827550.079712
27.250000	0.000000
27.300000	0.000000
27.350000	0.000000
27.400000	0.000000
27.450000	0.000000
27.500000	689051438028.932861
27.550000	0.000000
27.600000	0.000000
27.650000	0.000000
27.700000	0.000000
27.750000	0.000000
27.800000	0.000000
27.850000	0.000000
27.900000	0.000000
27.950000	0.000000
28.000000	0.000000
28.050000	0.000000
28.100000	0.000000
28.150000	0.000000
28.200000	0.000000
28.250000	490803168609.149780
28.300000	468310582119.952393
28.350000	0.000000
28.400000	0.000000
28.450000	0.000000
28.500000	0.000000
28.550000	0.000000
28.600000	0.000000
28.650000	0.000000
28.700000	0.000000
28.750000	564370688440.396484
28.800000	0.000000
28.850000	0.000000
28.900000	0.000000
28.950000	0.000000
29.000000	0.000000
29.050000	0.000000
29.100000	0.000000
29.150000	0.000000
29.200000	0.000000
29.250000	0.000000
29.300000	0.000000
29.350000	0.000000
29.400000	0.000000
29.450000	0.000000
29.500000	481193485293.513672
29.550000	0.000000
29.600000	0.000000
29.650000	0.000000
29.700000	0.000000
29.750000	0.000000
29.800000	0.000000
29.850000	584770034774.866699
29.900000	561534419999.625122
29.950000	0.000000
30.000000	370727662771.638123
30.050000	0.000000
30.100000	0.000000
30.150000	476493097424.360107
30.200000	0.000000
30.250000	0.000000
30.300000	0.000000
30.350000	0.000000
30.400000	0.000000
30.450000	0.000000
30.500000	0.000000
30.550000	0.000000
30.600000	0.000000
30.650000	540911166928.225342
30.700000	0.000000
30.750000	388112079466.884766
30.800000	0.000000
30.850000	845200109606.680176
30.900000	0.000000
30.950000	0.000000
31.000000	0.000000
31.050000	0.000000
31.100000	0.000000
31.150000	0.000000
31.200000	0.000000
31.250000	0.000000
31.300000	0.000000
31.350000	0.000000
31.400000	0.000000
31.450000	0.000000
31.500000	0.000000
31.550000	540698599987.237488
31.600000	0.000000
31.650000	0.000000
31.700000	0.000000
31.750000	0.000000
31.800000	0.000000
31.850000	0.000000
31.900000	0.000000
31.950000	0.000000
32.000000	0.000000
32.050000	537026819202.314392
32.100000	0.000000
32.150000	0.000000
32.200000	0.000000
32.250000	0.000000
32.300000	0.000000
32.350000	0.000000
32.400000	369270566383.874329
32.450000	0.000000
32.500000	0.000000
32.550000	0.000000
32.600000	0.000000
32.650000	0.000000
32.700000	0.000000
32.750000	0.000000
32.800000	0.000000
32.850000	0.000000
32.900000	0.000000
32.950000	0.000000
33.000000	0.000000
33.050000	610106656632.039185
33.100000	0.000000
33.150000	0.000000
33.200000	1442945136526.851562
33.250000	0.000000
33.300000	0.000000
33.350000	0.000000
33.400000	0.000000
33.450000	0.000000
33.500000	0.000000
33.550000	0.000000
33.600000	0.000000
33.650000	0.000000
33.700000	0.000000
33.750000	0.000000
33.800000	0.000000
33.850000	0.000000
33.900000	0.000000
33.950000	0.000000
34.000000	0.000000
34.050000	0.000000
34.100000	0.000000
34.150000	0.000000
34.200000	0.000000
34.250000	0.000000
34.300000	0.000000
34.350000	0.000000
34.400000	0.000000
34.450000	0.000000
34.500000	0.000000
34.550000	0.000000
34.600000	0.000000
34.650000	0.000000
34.700000	0.000000
34.750000	0.000000
34.800000	0.000000
34.850000	0.000000
34.900000	0.000000
34.950000	0.000000
35.000000	0.000000
35.050000	0.000000
35.100000	0.000000
35.150000	0.000000
35.200000	418795350938.034119
35.250000	0.000000
35.300000	0.000000
35.350000	0.000000
35.400000	0.000000
35.450000	0.000000
35.500000	0.000000
35.550000	0.000000
35.600000	0.000000
35.650000	0.000000
35.700000	0.000000
35.750000	0.000000
35.800000	0.000000
35.850000	0.000000
35.900000	0.000000
35.950000	0.000000
36.000000	301450601178.969849
36.050000	0.000000
36.100000	0.000000
36.150000	0.000000
36.200000	0.000000
36.250000	0.000000
36.300000	535460252544.255859
36.350000	0.000000
36.400000	0.000000
36.450000	0.000000
36.500000	0.000000
36.550000	0.000000
36.600000	434268752924.159729
36.650000	485383707331.934448
36.700000	0.000000
36.750000	0.000000
36.800000	0.000000
36.850000	0.000000
36.900000	0.000000
36.950000	0.000000
37.000000	0.000000
37.050000	0.000000
37.100000	0.000000
37.150000	0.000000
37.200000	0.000000
37.250000	0.000000
37.300000	0.000000
37.350000	0.000000
37.400000	0.000000
37.450000	0.000000
37.500000	0.000000
37.550000	0.000000
37.600000	0.000000
37.650000	0.000000
37.700000	0.000000
37.750000	0.000000
37.800000	0.000000
37.850000	0.000000
37.900000	0.000000
37.950000	0.000000
38.000000	0.000000
38.050000	0.000000
38.100000	0.000000
38.150000	0.000000
38.200000	0.000000
38.250000	0.000000
38.300000	0.000000
38.350000	0.000000
38.400000	0.000000
38.450000	0.000000
38.500000	0.000000
38.550000	0.000000
38.600000	0.000000
38.650000	0.000000
38.700000	0.000000
38.750000	0.000000
38.800000	0.000000
38.850000	0.000000
38.900000	0.000000
38.950000	0.000000
39.000000	0.000000
39.050000	0.000000
39.100000	0.000000
39.150000	0.000000
39.200000	0.000000
39.250000	0.000000
39.300000	0.000000
39.350000	0.000000
39.400000	0.000000
39.450000	0.000000
39.500000	0.000000
39.550000	0.000000
39.600000	0.000000
39.650000	0.000000
39.700000	0.000000
39.750000	0.000000
39.800000	0.000000
39.850000	0.000000
39.900000	0.000000
39.950000	0.000000
40.000000	0.000000
40.050000	0.000000
40.100000	0.000000
40.150000	0.000000
40.200000	0.000000
40.250000	0.000000
40.300000	0.000000
40.350000	0.000000
40.400000	0.000000
40.450000	0.000000
40.500000	0.000000
40.550000	0.000000
40.600000	0.000000
40.650000	0.000000
40.700000	0.000000
40.750000	0.000000
40.800000	0.000000
40.850000	0.000000
40.900000	571120968546.750854
40.950000	0.000000
41.000000	0.000000
41.050000	0.000000
41.100000	0.000000
41.150000	0.000000
41.200000	0.000000
41.250000	0.000000
41.300000	0.000000
41.350000	0.000000
41.400000	0.000000
41.450000	0.000000
41.500000	0.000000
41.550000	0.000000
41.600000	0.000000
41.650000	0.000000
41.700000	0.000000
41.750000	0.000000
41.800000	0.000000
41.850000	0.000000
41.900000	0.000000
41.950000	0.000000
42.000000	0.000000
42.050000	0.000000
42.100000	0.000000
42.150000	0.000000
42.200000	0.000000
42.250000	0.000000
42.300000	0.000000
42.350000	0.000000
42.400000	0.000000
42.450000	0.000000
42.500000	0.000000
42.550000	0.000000
42.600000	0.000000
42.650000	0.000000
42.700000	0.000000
42.750000	0.000000
42.800000	0.000000
42.850000	0.000000
42.900000	0.000000
42.950000	0.000000
43.000000	0.000000
43.050000	0.000000
43.100000	0.000000
43.150000	0.000000
43.200000	0.000000
43.250000	0.000000
43.300000	0.000000
43.350000	0.000000
43.400000	0.000000
43.450000	0.000000
43.500000	0.000000
43.550000	0.000000
43.600000	0.000000
43.650000	0.000000
43.700000	0.000000
43.750000	0.000000
43.800000	0.000000
43.850000	0.000000
43.900000	0.000000
43.950000	0.000000
44.000000	0.000000
44.050000	0.000000
44.100000	0.000000
44.150000	0.000000
44.200000	0.000000
44.250000	0.000000
44.300000	0.000000
44.350000	0.000000
44.400000	0.000000
44.450000	1058852207779.372437
44.500000	0.000000
44.550000	0.000000
44.600000	0.000000
44.650000	0.000000
44.700000	0.000000
44.750000	0.000000
44.800000	0.000000
44.850000	0.000000
44.900000	0.000000
44.950000	0.000000
45.000000	0.000000
45.050000	0.000000
45.100000	0.000000
45.150000	0.000000
45.200000	0.000000
45.250000	0.000000
45.300000	0.000000
45.350000	0.000000
45.400000	0.000000
45.450000	0.000000
45.500000	0.000000
45.550000	0.000000
45.600000	0.000000
45.650000	0.000000
45.700000	0.000000
45.750000	0.000000
45.800000	0.000000
45.850000	0.000000
45.900000	0.000000
45.950000	0.000000
46.000000	0.000000
46.050000	0.000000
46.100000	0.000000
46.150000	0.000000
46.200000	0.000000
46.250000	0.000000
46.300000	0.000000
46.350000	0.000000
46.400000	0.000000
46.450000	0.000000
46.500000	0.000000
46.550000	0.000000
46.600000	0.000000
46.650000	0.000000
46.700000	0.000000
46.750000	0.000000
46.800000	0.000000
46.850000	0.000000
46.900000	0.000000
46.950000	0.000000
47.000000	0.000000
47.050000	0.000000
47.100000	0.000000
47.150000	0.000000
47.200000	0.000000
47.250000	0.000000
47.300000	0.000000
47.350000	0.000000
47.400000	0.000000
47.450000	0.000000
47.500000	0.000000
47.550000	0.000000
47.600000	0.000000
47.650000	0.000000
47.700000	0.000000
47.750000	0.000000
47.800000	0.000000
47.850000	0.000000
47.900000	0.000000
47.950000	0.000000
48.000000	0.000000
48.050000	0.000000
48.100000	0.000000
48.150000	0.000000
48.200000	0.000000
48.250000	0.000000
48.300000	0.000000
48.350000	0.000000
48.400000	0.000000
48.450000	0.000000
48.500000	0.000000
48.550000	0.000000
48.600000	0.000000
48.650000	0.000000
48.700000	0.000000
48.750000	0.000000
48.800000	0.000000
48.850000	0.000000
48.900000	0.000000
48.950000	0.000000
49.000000	0.000000
49.050000	0.000000
49.100000	0.000000
49.150000	0.000000
49.200000	0.000000
49.250000	0.000000
49.300000	0.000000
49.350000	0.000000
49.400000	0.000000
49.450000	0.000000
49.500000	0.000000
49.550000	0.000000
49.600000	0.000000
49.650000	0.000000
49.700000	0.000000
49.750000	0.000000
49.800000	0.000000
49.850000	0.000000
49.900000	0.000000
49.950000	0.000000
50.000000	0.000000
50.050000	0.000000
50.100000	0.000000
50.150000	0.000000
50.200000	0.000000
50.250000	0.000000
50.300000	0.000000
50.350000	0.000000
50.400000	0.000000
50.450000	0.000000
50.500000	0.000000
50.550000	0.000000
50.600000	0.000000
50.650000	0.000000
50.700000	0.000000
50.750000	0.000000
50.800000	0.000000
50.850000	0.000000
50.900000	0.000000
50.950000	0.000000
51.000000	0.000000
51.050000	0.000000
51.100000	0.000000
51.150000	0.000000
51.200000	0.000000
51.250000	0.000000
51.300000	0.000000
51.350000	0.000000
51.400000	0.000000
51.450000	0.000000
51.500000	0.000000
51.550000	0.000000
51.600000	0.000000
51.650000	0.000000
51.700000	0.000000
51.750000	0.000000
51.800000	0.000000
51.850000	0.000000
51.900000	0.000000
51.950000	0.000000
52.000000	0.000000
52.050000	0.000000
52.100000	0.000000
52.150000	0.000000
52.200000	0.000000
52.250000	0.000000
52.300000	0.000000
52.350000	0.000000
52.400000	0.000000
52.450000	0.000000
52.500000	0.000000
52.550000	0.000000
52.600000	0.000000
52.650000	0.000000
52.700000	0.000000
52.750000	0.000000
52.800000	0.000000
52.850000	0.000000
52.900000	0.000000
52.950000	0.000000
53.000000	0.000000
53.050000	0.000000
53.100000	0.000000
53.150000	0.000000
53.200000	0.000000
53.250000	0.000000
53.300000	0.000000
53.350000	0.000000
53.400000	0.000000
53.450000	0.000000
53.500000	0.000000
53.550000	0.000000
53.600000	0.000000
53.650000	0.000000
53.700000	0.000000
53.750000	0.000000
53.800000	0.000000
53.850000	0.000000
53.900000	0.000000
53.950000	0.000000
54.000000	0.000000
54.050000	0.000000
54.100000	0.000000
54.150000	0.000000
54.200000	0.000000
54.250000	0.000000
54.300000	0.000000
54.350000	0.000000
54.400000	0.000000
54.450000	0.000000
54.500000	0.000000
54.550000	0.000000
54.600000	0.000000
54.650000	0.000000
54.700000	0.000000
54.750000	0.000000
54.800000	0.000000
54.850000	0.000000
54.900000	0.000000
54.950000	0.000000
55.000000	0.000000
55.050000	0.000000
55.100000	0.000000
55.150000	0.000000
55.200000	0.000000
55.250000	0.000000
55.300000	0.000000
55.350000	0.000000
55.400000	0.000000
55.450000	0.000000
55.500000	0.000000
55.550000	0.000000
55.600000	0.000000
55.650000	0.000000
55.700000	0.000000
55.750000	0.000000
55.800000	0.000000
55.850000	0.000000
55.900000	0.000000
55.950000	0.000000
56.000000	0.000000
56.050000	0.000000
56.100000	0.000000
56.150000	0.000000
56.200000	0.000000
56.250000	0.000000
56.300000	0.000000
56.350000	0.000000
56.400000	0.000000
56.450000	0.000000
56.500000	0.000000
56.550000	0.000000
56.600000	0.000000
56.650000	0.000000
56.700000	0.000000
56.750000	0.000000
56.800000	0.000000
56.850000	0.000000
56.900000	0.000000
56.950000	0.000000
57.000000	0.000000
57.050000	0.000000
57.100000	0.000000
57.150000	0.000000
57.200000	0.000000
57.250000	0.000000
57.300000	0.000000
57.350000	0.000000
57.400000	0.000000
57.450000	0.000000
57.500000	0.000000
57.550000	0.000000
57.600000	0.000000
57.650000	0.000000
57.700000	0.000000
57.750000	0.000000
57.800000	0.000000
57.850000	0.000000
57.900000	0.000000
57.950000	0.000000
58.000000	0.000000
58.050000	0.000000
58.100000	0.000000
58.150000	0.000000
58.200000	0.000000
58.250000	0.000000
58.300000	0.000000
58.350000	0.000000
58.400000	0.000000
58.450000	0.000000
58.500000	0.000000
58.550000	0.000000
58.600000	0.000000
58.650000	0.000000
58.700000	0.000000
58.750000	0.000000
58.800000	0.000000
58.850000	0.000000
58.900000	0.000000
58.950000	0.000000
59.000000	0.000000
59.050000	0.000000
59.100000	0.000000
59.150000	0.000000
59.200000	0.000000
59.250000	0.000000
59.300000	0.000000
59.350000	0.000000
59.400000	0.000000
59.450000	0.000000
59.500000	0.000000
59.550000	0.000000
59.600000	0.000000
59.650000	0.000000
59.700000	0.000000
59.750000	0.000000
59.800000	0.000000
59.850000	0.000000
59.900000	0.000000
59.950000	0.000000
60.000000	0.000000
60.050000	0.000000
60.100000	0.000000
60.150000	0.000000
60.200000	0.000000
60.250000	0.000000
60.300000	0.000000
60.350000	0.000000
60.400000	0.000000
60.450000	0.000000
60.500000	0.000000
60.550000	0.000000
60.600000	0.000000
60.650000	0.000000
60.700000	0.000000
60.750000	0.000000
60.800000	0.000000
60.850000	0.000000
60.900000	0.000000
60.950000	0.000000
61.000000	0.000000
61.050000	0.000000
61.100000	0.000000
61.150000	0.000000
61.200000	0.000000
61.250000	0.000000
61.300000	0.000000
61.350000	0.000000
61.400000	0.000000
61.450000	0.000000
61.500000	0.000000
61.550000	0.000000
61.600000	0.000000
61.650000	0.000000
61.700000	0.000000
61.750000	0.000000
61.800000	0.000000
61.850000	0.000000
61.900000	0.000000
61.950000	0.000000
62.000000	0.000000
62.050000	0.000000
62.100000	0.000000
62.150000	0.000000
62.200000	0.000000
62.250000	0.000000
62.300000	0.000000
62.350000	0.000000
62.400000	0.000000
62.450000	0.000000
62.500000	0.000000
62.550000	0.000000
62.600000	0.000000
62.650000	0.000000
62.700000	0.000000
62.750000	0.000000
62.800000	0.000000
62.850000	0.000000
62.900000	0.000000
62.950000	0.000000
63.000000	0.000000
63.050000	0.000000
63.100000	0.000000
63.150000	0.000000
63.200000	0.000000
63.250000	0.000000
63.300000	0.000000
63.350000	0.000000
63.400000	0.000000
63.450000	0.000000
63.500000	0.000000
63.550000	0.000000
63.600000	0.000000
63.650000	0.000000
63.700000	0.000000
63.750000	0.000000
63.800000	0.000000
63.850000	0.000000
63.900000	0.000000
63.950000	0.000000
64.000000	0.000000
64.050000	0.000000
64.100000	0.000000
64.150000	0.000000
64.200000	0.000000
64.250000	0.000000
64.300000	0.000000
64.350000	0.000000
64.400000	0.000000
64.450000	0.000000
64.500000	0.000000
64.550000	0.000000
64.600000	0.000000
64.650000	0.000000
64.700000	0.000000
64.750000	0.000000
64.800000	0.000000
64.850000	0.000000
64.900000	0.000000
64.950000	0.000000
65.000000	0.000000
65.050000	0.000000
65.100000	0.000000
65.150000	0.000000
65.200000	0.000000
65.250000	0.000000
65.300000	0.000000
65.350000	0.000000
65.400000	0.000000
65.450000	0.000000
65.500000	0.000000
65.550000	0.000000
65.600000	0.000000
65.650000	0.000000
65.700000	0.000000
65.750000	0.000000
65.800000	0.000000
65.850000	0.000000
65.900000	0.000000
65.950000	0.000000
66.000000	0.000000
66.050000	0.000000
66.100000	0.000000
66.150000	0.000000
66.200000	0.000000
66.250000	0.000000
66.300000	0.000000
66.350000	0.000000
66.400000	0.000000
66.450000	0.000000
66.500000	0.000000
66.550000	0.000000
66.600000	0.000000
66.650000	0.000000
66.700000	0.000000
66.750000	0.000000
66.800000	0.000000
66.850000	0.000000
66.900000	0.000000
66.950000	0.000000
67.000000	0.000000
67.050000	0.000000
67.100000	0.000000
67.150000	0.000000
67.200000	0.000000
67.250000	0.000000
67.300000	0.000000
67.350000	0.000000
67.400000	0.000000
67.450000	0.000000
67.500000	0.000000
67.550000	0.000000
67.600000	0.000000
67.650000	0.000000
67.700000	0.000000
67.750000	0.000000
67.800000	0.000000
67.850000	0.000000
67.900000	0.000000
67.950000	0.000000
68.000000	0.000000
68.050000	0.000000
68.100000	0.000000
68.150000	0.000000
68.200000	0.000000
68.250000	0.000000
68.300000	0.000000
68.350000	0.000000
68.400000	0.000000
68.450000	0.000000
68.500000	0.000000
68.550000	0.000000
68.600000	0.000000
68.650000	0.000000
68.700000	0.000000
68.750000	0.000000
68.800000	0.000000
68.850000	0.000000
68.900000	0.000000
68.950000	0.000000
69.000000	0.000000
69.050000	0.000000
69.100000	0.000000
69.150000	0.000000
69.200000	0.000000
69.250000	0.000000
69.300000	0.000000
69.350000	0.000000
69.400000	0.000000
69.450000	0.000000
69.500000	0.000000
69.550000	0.000000
69.600000	0.000000
69.650000	0.000000
69.700000	0.000000
69.750000	0.000000
69.800000	0.000000
69.850000	0.000000
69.900000	0.000000
69.950000	0.000000
70.000000	0.000000
70.050000	0.000000
70.100000	0.000000
70.150000	0.000000
70.200000	0.000000
70.250000	0.000000
70.300000	0.000000
70.350000	0.000000
70.400000	0.000000
70.450000	0.000000
70.500000	0.000000
70.550000	0.000000
70.600000	0.000000
70.650000	0.000000
70.700000	0.000000
70.750000	0.000000
70.800000	0.000000
70.850000	0.000000
70.900000	0.000000
70.950000	0.000000
71.000000	0.000000
71.050000	0.000000
71.100000	0.000000
71.150000	0.000000
71.200000	0.000000
71.250000	0.000000
71.300000	0.000000
71.350000	0.000000
71.400000	0.000000
71.450000	0.000000
71.500000	0.000000
71.550000	0.000000
71.600000	0.000000
71.650000	0.000000
71.700000	0.000000
71.750000	0.000000
71.800000	0.000000
71.850000	0.000000
71.900000	0.000000
71.950000	0.000000
72.000000	0.000000
72.050000	0.000000
72.100000	0.000000
72.150000	0.000000
72.200000	0.000000
72.250000	0.000000
72.300000	0.000000
72.350000	0.000000
72.400000	0.000000
72.450000	0.000000
72.500000	0.000000
72.550000	0.000000
72.600000	0.000000
72.650000	0.000000
72.700000	0.000000
72.750000	0.000000
72.800000	0.000000
72.850000	0.000000
72.900000	0.000000
72.950000	0.000000
73.000000	0.000000
73.050000	0.000000
73.100000	0.000000
73.150000	0.000000
73.200000	0.000000
73.250000	0.000000
73.300000	0.000000
73.350000	0.000000
73.400000	0.000000
73.450000	0.000000
73.500000	0.000000
73.550000	0.000000
73.600000	0.000000
73.650000	0.000000
73.700000	0.000000
73.750000	0.000000
73.800000	0.000000
73.850000	0.000000
73.900000	0.000000
73.950000	0.000000
74.000000	0.000000
74.050000	0.000000
74.100000	0.000000
74.150000	0.000000
74.200000	0.000000
74.250000	0.000000
74.300000	0.000000
74.350000	0.000000
74.400000	0.000000
74.450000	0.000000
74.500000	0.000000
74.550000	0.000000
74.600000	0.000000
74.650000	0.000000
74.700000	0.000000
74.750000	0.000000
74.800000	0.000000
74.850000	0.000000
74.900000	0.000000
74.950000	0.000000
75.000000	0.000000
75.050000	0.000000
75.100000	0.000000
75.150000	0.000000
75.200000	0.000000
75.250000	0.000000
75.300000	0.000000
75.350000	0.000000
75.400000	0.000000
75.450000	0.000000
75.500000	0.000000
75.550000	0.000000
75.600000	0.000000
75.650000	0.000000
75.700000	0.000000
75.750000	0.000000
75.800000	0.000000
75.850000	0.000000
75.900000	0.000000
75.950000	0.000000
76.000000	0.000000
76.050000	0.000000
76.100000	0.000000
76.150000	0.000000
76.200000	0.000000
76.250000	0.000000
76.300000	0.000000
76.350000	0.000000
76.400000	0.000000
76.450000	0.000000
76.500000	0.000000
76.550000	0.000000
76.600000	0.000000
76.650000	0.000000
76.700000	0.000000
76.750000	0.000000
76.800000	0.000000
76.850000	0.000000
76.900000	0.000000
76.950000	0.000000
77.000000	0.000000
77.050000	0.000000
77.100000	0.000000
77.150000	0.000000
77.200000	0.000000
77.250000	0.000000
77.300000	0.000000
77.350000	0.000000
77.400000	0.000000
77.450000	0.000000
77.500000	0.000000
77.550000	0.000000
77.600000	0.000000
77.650000	0.000000
77.700000	0.000000
77.750000	0.000000
77.800000	0.000000
77.850000	0.000000
77.900000	0.000000
77.950000	0.000000
78.000000	0.000000
78.050000	0.000000
78.100000	0.000000
78.150000	0.000000
78.200000	0.000000
78.250000	0.000000
78.300000	0.000000
78.350000	0.000000
78.400000	0.000000
78.450000	0.000000
78.500000	0.000000
78.550000	0.000000
78.600000	0.000000
78.650000	0.000000
78.700000	0.000000
78.750000	0.000000
78.800000	0.000000
78.850000	0.000000
78.900000	0.000000
78.950000	0.000000
79.000000	0.000000
79.050000	0.000000
79.100000	0.000000
79.150000	0.000000
79.200000	0.000000
79.250000	0.000000
79.300000	0.000000
79.350000	0.000000
79.400000	0.000000
79.450000	0.000000
79.500000	0.000000
79.550000	0.000000
79.600000	0.000000
79.650000	0.000000
79.700000	0.000000
79.750000	0.000000
79.800000	0.000000
79.850000	0.000000
79.900000	0.000000
79.950000	0.000000
80.000000	0.000000
80.050000	0.000000
80.100000	0.000000
80.150000	0.000000
80.200000	0.000000
80.250000	0.000000
80.300000	0.000000
80.350000	0.000000
80.400000	0.000000
80.450000	0.000000
80.500000	0.000000
80.550000	0.000000
80.600000	0.000000
80.650000	0.000000
80.700000	0.000000
80.750000	0.000000
80.800000	0.000000
80.850000	0.000000
80.900000	0.000000
80.950000	0.000000
81.000000	0.000000
81.050000	0.000000
81.100000	0.000000
81.150000	0.000000
81.200000	0.000000
81.250000	0.000000
81.300000	0.000000
81.350000	0.000000
81.400000	0.000000
81.450000	0.000000
81.500000	0.000000
81.550000	0.000000
81.600000	0.000000
81.650000	0.000000
81.700000	0.000000
81.750000	0.000000
81.800000	0.000000
81.850000	0.000000
81.900000	0.000000
81.950000	0.000000
82.000000	0.000000
82.050000	0.000000
82.100000	0.000000
82.150000	0.000000
82.200000	0.000000
82.250000	0.000000
82.300000	0.000000
82.350000	0.000000
82.400000	0.000000
82.450000	0.000000
82.500000	0.000000
82.550000	0.000000
82.600000	0.000000
82.650000	0.000000
82.700000	0.000000
82.750000	0.000000
82.800000	0.000000
82.850000	0.000000
82.900000	0.000000
82.950000	0.000000
83.000000	0.000000
83.050000	0.000000
83.100000	0.000000
83.150000	0.000000
83.200000	0.000000
83.250000	0.000000
83.300000	0.000000
83.350000	0.000000
83.400000	0.000000
83.450000	0.000000
83.500000	0.000000
83.550000	0.000000
83.600000	0.000000
83.650000	0.000000
83.700000	0.000000
83.750000	0.000000
83.800000	0.000000
83.850000	0.000000
83.900000	0.000000
83.950000	0.000000
84.000000	0.000000
84.050000	0.000000
84.100000	0.000000
84.150000	0.000000
84.200000	0.000000
84.250000	0.000000
84.300000	0.000000
84.350000	0.000000
84.400000	0.000000
84.450000	0.000000
84.500000	0.000000
84.550000	0.000000
84.600000	0.000000
84.650000	0.000000
84.700000	0.000000
84.750000	0.000000
84.800000	0.000000
84.850000	0.000000
84.900000	0.000000
84.950000	0.000000
85.000000	0.000000
85.050000	0.000000
85.100000	0.000000
85.150000	0.000000
85.200000	0.000000
85.250000	0.000000
85.300000	0.000000
85.350000	0.000000
85.400000	0.000000
85.450000	0.000000
85.500000	0.000000
85.550000	0.000000
85.600000	0.000000
85.650000	0.000000
85.700000	0.000000
85.750000	0.000000
85.800000	0.000000
85.850000	0.000000
85.900000	0.000000
85.950000	0.000000
86.000000	0.000000
86.050000	0.000000
86.100000	0.000000
86.150000	0.000000
86.200000	0.000000
86.250000	0.000000
86.300000	0.000000
86.350000	0.000000
86.400000	0.000000
86.450000	0.000000
86.500000	0.000000
86.550000	0.000000
86.600000	0.000000
86.650000	0.000000
86.700000	0.000000
86.750000	0.000000
86.800000	0.000000
86.850000	0.000000
86.900000	0.000000
86.950000	0.000000
87.000000	0.000000
87.050000	0.000000
87.100000	0.000000
87.150000	0.000000
87.200000	0.000000
87.250000	0.000000
87.300000	0.000000
87.350000	0.000000
87.400000	0.000000
87.450000	0.000000
87.500000	0.000000
87.550000	0.000000
87.600000	0.000000
87.650000	0.000000
87.700000	0.000000
87.750000	0.000000
87.800000	0.000000
87.850000	0.000000
87.900000	0.000000
87.950000	0.000000
88.000000	0.000000
88.050000	0.000000
88.100000	0.000000
88.150000	0.000000
88.200000	0.000000
88.250000	0.000000
88.300000	0.000000
88.350000	0.000000
88.400000	0.000000
88.450000	0.000000
88.500000	0.000000
88.550000	0.000000
88.600000	0.000000
88.650000	0.000000
88.700000	0.000000
88.750000	0.000000
88.800000	0.000000
88.850000	0.000000
88.900000	0.000000
88.950000	0.000000
89.000000	0.000000
89.050000	0.000000
89.100000	0.000000
89.150000	0.000000
89.200000	0.000000
89.250000	0.000000
89.300000	0.000000
89.350000	0.000000
89.400000	0.000000
89.450000	0.000000
89.500000	0.000000
89.550000	0.000000
89.600000	0.000000
89.650000	0.000000
89.700000	0.000000
89.750000	0.000000
89.800000	0.000000
89.850000	0.000000
89.900000	0.000000
89.950000	0.000000
90.000000	0.000000
90.050000	0.000000
90.100000	0.000000
90.150000	0.000000
90.200000	0.000000
90.250000	0.000000
90.300000	0.000000
90.350000	0.000000
90.400000	0.000000
90.450000	0.000000
90.500000	0.000000
90.550000	0.000000
90.600000	0.000000
90.650000	0.000000
90.700000	0.000000
90.750000	0.000000
90.800000	0.000000
90.850000	0.000000
90.900000	0.000000
90.950000	0.000000
91.000000	0.000000
91.050000	0.000000
91.100000	0.000000
91.150000	0.000000
91.200000	0.000000
91.250000	0.000000
91.300000	0.000000
91.350000	0.000000
91.400000	0.000000
91.450000	0.000000
91.500000	0.000000
91.550000	0.000000
91.600000	0.000000
91.650000	0.000000
91.700000	0.000000
91.750000	0.000000
91.800000	0.000000
91.850000	0.000000
91.900000	0.000000
91.950000	0.000000
92.000000	0.000000
92.050000	0.000000
92.100000	0.000000
92.150000	0.000000
92.200000	0.000000
92.250000	0.000000
92.300000	0.000000
92.350000	0.000000
92.400000	0.000000
92.450000	0.000000
92.500000	0.000000
92.550000	0.000000
92.600000	0.000000
92.650000	0.000000
92.700000	0.000000
92.750000	0.000000
92.800000	0.000000
92.850000	0.000000
92.900000	0.000000
92.950000	0.000000
93.000000	0.000000
93.050000	0.000000
93.100000	0.000000
93.150000	0.000000
93.200000	0.000000
93.250000	0.000000
93.300000	0.000000
93.350000	0.000000
93.400000	0.000000
93.450000	0.000000
93.500000	0.000000
93.550000	0.000000
93.600000	0.000000
93.650000	0.000000
93.700000	0.000000
93.750000	0.000000
93.800000	0.000000
93.850000	0.000000
93.900000	0.000000
93.950000	0.000000
94.000000	0.000000
94.050000	0.000000
94.100000	0.000000
94.150000	0.000000
94.200000	0.000000
94.250000	0.000000
94.300000	0.000000
94.350000	0.000000
94.400000	0.000000
94.450000	0.000000
94.500000	0.000000
94.550000	0.000000
94.600000	0.000000
94.650000	0.000000
94.700000	0.000000
94.750000	0.000000
94.800000	0.000000
94.850000	0.000000
94.900000	0.000000
94.950000	0.000000
95.000000	0.000000
95.050000	0.000000
95.100000	0.000000
95.150000	0.000000
95.200000	0.000000
95.250000	0.000000
95.300000	0.000000
95.350000	0.000000
95.400000	0.000000
95.450000	0.000000
95.500000	0.000000
95.550000	0.000000
95.600000	0.000000
95.650000	0.000000
95.700000	0.000000
95.750000	0.000000
95.800000	0.000000
95.850000	0.000000
95.900000	0.000000
95.950000	0.000000
96.000000	0.000000
96.050000	0.000000
96.100000	0.000000
96.150000	0.000000
96.200000	0.000000
96.250000	0.000000
96.300000	0.000000
96.350000	0.000000
96.400000	0.000000
96.450000	0.000000
96.500000	0.000000
96.550000	0.000000
96.600000	0.000000
96.650000	0.000000
96.700000	0.000000
96.750000	0.000000
96.800000	0.000000
96.850000	0.000000
96.900000	0.000000
96.950000	0.000000
97.000000	0.000000
97.050000	0.000000
97.100000	0.000000
97.150000	0.000000
97.200000	0.000000
97.250000	0.000000
97.300000	0.000000
97.350000	0.000000
97.400000	0.000000
97.450000	0.000000
97.500000	0.000000
97.550000	0.000000
97.600000	0.000000
97.650000	0.000000
97.700000	0.000000
97.750000	0.000000
97.800000	0.000000
97.850000	0.000000
97.900000	0.000000
97.950000	0.000000
98.000000	0.000000
98.050000	0.000000
98.100000	0.000000
98.150000	0.000000
98.200000	0.000000
98.250000	0.000000
98.300000	0.000000
98.350000	0.000000
98.400000	0.000000
98.450000	0.000000
98.500000	0.000000
98.550000	0.000000
98.600000	0.000000
98.650000	0.000000
98.700000	0.000000
98.750000	0.000000
98.800000	0.000000
98.850000	0.000000
98.900000	0.000000
98.950000	0.000000
99.000000	0.000000
99.050000	0.000000
99.100000	0.000000
99.150000	0.000000
99.200000	0.000000
99.250000	0.000000
99.300000	0.000000
99.350000	0.000000
99.400000	0.000000
99.450000	0.000000
99.500000	0.000000
99.550000	0.000000
99.600000	0.000000
99.650000	0.000000
99.700000	0.000000
99.750000	0.000000
99.800000	0.000000
99.850000	0.000000
99.900000	0.000000
99.950000	0.000000
100.000000	0.000000
100.050000	0.000000
100.100000	0.000000
100.150000	0.000000
100.200000	0.000000
100.250000	0.000000
100.300000	0.000000
100.350000	0.000000
100.400000	0.000000
100.450000	0.000000
100.500000	0.000000
100.550000	0.000000
100.600000	0.000000
100.650000	0.000000
100.700000	0.000000
100.750000	0.000000
100.800000	0.000000
100.850000	0.000000
100.900000	0.000000
100.950000	0.000000
101.000000	0.000000
101.050000	0.000000
101.100000	0.000000
101.150000	0.000000
101.200000	0.000000
101.250000	0.000000
101.300000	0.000000
101.350000	0.000000
101.400000	0.000000
101.450000	0.000000
101.500000	0.000000
101.550000	0.000000
101.600000	0.000000
101.650000	0.000000
101.700000	0.000000
101.750000	0.000000
101.800000	0.000000
101.850000	0.000000
101.900000	0.000000
101.950000	0.000000
102.000000	0.000000
102.050000	0.000000
102.100000	0.000000
102.150000	0.000000
102.200000	0.000000
102.250000	0.000000
102.300000	0.000000
102.350000	0.000000
102.400000	0.000000
102.450000	0.000000
102.500000	0.000000
102.550000	0.000000
102.600000	0.000000
102.650000	0.000000
102.700000	0.000000
102.750000	0.000000
102.800000	0.000000
102.850000	0.000000
102.900000	0.000000
102.950000	0.000000
103.000000	0.000000
103.050000	0.000000
103.100000	0.000000
103.150000	0.000000
103.200000	0.000000
103.250000	0.000000
103.300000	0.000000
103.350000	0.000000
103.400000	0.000000
103.450000	0.000000
103.500000	0.000000
103.550000	0.000000
103.600000	0.000000
103.650000	0.000000
103.700000	0.000000
103.750000	0.000000
103.800000	0.000000
103.850000	0.000000
103.900000	0.000000
103.950000	0.000000
104.000000	0.000000
104.050000	0.000000
104.100000	0.000000
104.150000	0.000000
104.200000	0.000000
104.250000	0.000000
104.300000	0.000000
104.350000	0.000000
104.400000	0.000000
104.450000	0.000000
104.500000	0.000000
104.550000	0.000000
104.600000	0.000000
104.650000	0.000000
104.700000	0.000000
104.750000	0.000000
104.800000	0.000000
104.850000	0.000000
104.900000	0.000000
104.950000	0.000000
105.000000	0.000000
105.050000	0.000000
105.100000	0.000000
105.150000	0.000000
105.200000	0.000000
105.250000	0.000000
105.300000	0.000000
105.350000	0.000000
105.400000	0.000000
105.450000	0.000000
105.500000	0.000000
105.550000	0.000000
105.600000	0.000000
105.650000	0.000000
105.700000	0.000000
105.750000	0.000000
105.800000	0.000000
105.850000	0.000000
105.900000	0.000000
105.950000	0.000000
106.000000	0.000000
106.050000	0.000000
106.100000	0.000000
106.150000	0.000000
106.200000	0.000000
106.250000	0.000000
106.300000	0.000000
106.350000	0.000000
106.400000	0.000000
106.450000	0.000000
106.500000	0.000000
106.550000	0.000000
106.600000	0.000000
106.650000	0.000000
106.700000	0.000000
106.750000	0.000000
106.800000	0.000000
106.850000	0.000000
106.900000	0.000000
106.950000	0.000000
107.000000	0.000000
107.050000	0.000000
107.100000	0.000000
107.150000	0.000000
107.200000	0.000000
107.250000	0.000000
107.300000	0.000000
107.350000	0.000000
107.400000	0.000000
107.450000	0.000000
107.500000	0.000000
107.550000	0.000000
107.600000	0.000000
107.650000	0.000000
107.700000	0.000000
107.750000	0.000000
107.800000	0.000000
107.850000	0.000000
107.900000	0.000000
107.950000	0.000000
108.000000	0.000000
108.050000	0.000000
108.100000	0.000000
108.150000	0.000000
108.200000	0.000000
108.250000	0.000000
108.300000	0.000000
108.350000	0.000000
108.400000	0.000000
108.450000	0.000000
108.500000	0.000000
108.550000	0.000000
108.600000	0.000000
108.650000	0.000000
108.700000	0.000000
108.750000	0.000000
108.800000	0.000000
108.850000	0.000000
108.900000	0.000000
108.950000	0.000000
109.000000	0.000000
109.050000	0.000000
109.100000	0.000000
109.150000	0.000000
109.200000	0.000000
109.250000	0.000000
109.300000	0.000000
109.350000	0.000000
109.400000	0.000000
109.450000	0.000000
109.500000	0.000000
109.550000	0.000000
109.600000	0.000000
109.650000	0.000000
109.700000	0.000000
109.750000	0.000000
109.800000	0.000000
109.850000	0.000000
109.900000	0.000000
109.950000	0.000000
110.000000	0.000000
110.050000	0.000000
110.100000	0.000000
110.150000	0.000000
110.200000	0.000000
110.250000	0.000000
110.300000	0.000000
110.350000	0.000000
110.400000	0.000000
110.450000	0.000000
110.500000	0.000000
110.550000	0.000000
110.600000	0.000000
110.650000	0.000000
110.700000	0.000000
110.750000	0.000000
110.800000	0.000000
110.850000	0.000000
110.900000	0.000000
110.950000	0.000000
111.000000	0.000000
111.050000	0.000000
111.100000	0.000000
111.150000	0.000000
111.200000	0.000000
111.250000	0.000000
111.300000	0.000000
111.350000	0.000000
111.400000	0.000000
111.450000	0.000000
111.500000	0.000000
111.550000	0.000000
111.600000	0.000000
111.650000	0.000000
111.700000	0.000000
111.750000	0.000000
111.800000	0.000000
111.850000	0.000000
111.900000	0.000000
111.950000	0.000000
112.000000	0.000000
112.050000	0.000000
112.100000	0.000000
112.150000	0.000000
112.200000	0.000000
112.250000	0.000000
112.300000	0.000000
112.350000	0.000000
112.400000	0.000000
112.450000	0.000000
112.500000	0.000000
112.550000	0.000000
112.600000	0.000000
112.650000	0.000000
112.700000	0.000000
112.750000	0.000000
112.800000	0.000000
112.850000	0.000000
112.900000	0.000000
112.950000	0.000000
113.000000	0.000000
113.050000	0.000000
113.100000	0.000000
113.150000	0.000000
113.200000	0.000000
113.250000	0.000000
113.300000	0.000000
113.350000	0.000000
113.400000	0.000000
113.450000	0.000000
113.500000	0.000000
113.550000	0.000000
113.600000	0.000000
113.650000	0.000000
113.700000	0.000000
113.750000	0.000000
113.800000	0.000000
113.850000	0.000000
113.900000	0.000000
113.950000	0.000000
114.000000	0.000000
114.050000	0.000000
114.100000	0.000000
114.150000	0.000000
114.200000	0.000000
114.250000	0.000000
114.300000	0.000000
114.350000	0.000000
114.400000	0.000000
114.450000	0.000000
114.500000	0.000000
114.550000	0.000000
114.600000	0.000000
114.650000	0.000000
114.700000	0.000000
114.750000	0.000000
114.800000	0.000000
114.850000	0.000000
114.900000	0.000000
114.950000	0.000000
115.000000	0.000000
115.050000	0.000000
115.100000	0.000000
115.150000	0.000000
115.200000	0.000000
115.250000	0.000000
115.300000	0.000000
115.350000	0.000000
115.400000	0.000000
115.450000	0.000000
115.500000	0.000000
115.550000	0.000000
115.600000	0.000000
115.650000	0.000000
115.700000	0.000000
115.750000	0.000000
115.800000	0.000000
115.850000	0.000000
115.900000	0.000000
115.950000	0.000000
116.000000	0.000000
116.050000	0.000000
116.100000	0.000000
116.150000	0.000000
116.200000	0.000000
116.250000	0.000000
116.300000	0.000000
116.350000	0.000000
116.400000	0.000000
116.450000	0.000000
116.500000	0.000000
116.550000	0.000000
116.600000	0.000000
116.650000	0.000000
116.700000	0.000000
116.750000	0.000000
116.800000	0.000000
116.850000	0.000000
116.900000	0.000000
116.950000	0.000000
117.000000	0.000000
117.050000	0.000000
117.100000	0.000000
117.150000	0.000000
117.200000	0.000000
117.250000	0.000000
117.300000	0.000000
117.350000	0.000000
117.400000	0.000000
117.450000	0.000000
117.500000	0.000000
117.550000	0.000000
117.600000	0.000000
117.650000	0.000000
117.700000	0.000000
117.750000	0.000000
117.800000	0.000000
117.850000	0.000000
117.900000	0.000000
117.950000	0.000000
118.000000	0.000000
118.050000	0.000000
118.100000	0.000000
118.150000	0.000000
118.200000	0.000000
118.250000	0.000000
118.300000	0.000000
118.350000	0.000000
118.400000	0.000000
118.450000	0.000000
118.500000	0.000000
118.550000	0.000000
118.600000	0.000000
118.650000	0.000000
118.700000	0.000000
118.750000	0.000000
118.800000	0.000000
118.850000	0.000000
118.900000	0.000000
118.950000	0.000000
119.000000	0.000000
119.050000	0.000000
119.100000	0.000000
119.150000	0.000000
119.200000	0.000000
119.250000	0.000000
119.300000	0.000000
119.350000	0.000000
119.400000	0.000000
119.450000	0.000000
119.500000	0.000000
119.550000	0.000000
119.600000	0.000000
119.650000	0.000000
119.700000	0.000000
119.750000	0.000000
119.800000	0.000000
119.850000	0.000000
119.900000	0.000000
119.950000	0.000000
