 # shift:   0.0000000000000000     
 0.100000E+00  0.235046E+02
 0.200000E+00  0.252262E+02
 0.300000E+00  0.377305E+02
 0.400000E+00  0.466227E+02
 0.500000E+00  0.481017E+02
 0.600000E+00  0.472470E+02
 0.700000E+00  0.461503E+02
 0.800000E+00  0.449996E+02
 0.900000E+00  0.440785E+02
 0.100000E+01  0.435800E+02
 0.110000E+01  0.432165E+02
 0.120000E+01  0.427365E+02
 0.130000E+01  0.421477E+02
 0.140000E+01  0.415112E+02
 0.150000E+01  0.407894E+02
 0.160000E+01  0.406630E+02
 0.170000E+01  0.405435E+02
 0.180000E+01  0.404305E+02
 0.190000E+01  0.403236E+02
 0.200000E+01  0.402222E+02
 0.210000E+01  0.401262E+02
 0.220000E+01  0.400350E+02
 0.230000E+01  0.399485E+02
 0.240000E+01  0.398664E+02
 0.250000E+01  0.397884E+02
 0.260000E+01  0.397142E+02
 0.270000E+01  0.396436E+02
 0.280000E+01  0.395765E+02
 0.290000E+01  0.395127E+02
 0.300000E+01  0.394519E+02
 0.310000E+01  0.393940E+02
 0.320000E+01  0.393389E+02
 0.330000E+01  0.392863E+02
 0.340000E+01  0.392363E+02
 0.350000E+01  0.391886E+02
 0.360000E+01  0.391431E+02
 0.370000E+01  0.390998E+02
 0.380000E+01  0.390585E+02
 0.390000E+01  0.390191E+02
 0.400000E+01  0.389816E+02
 0.410000E+01  0.389458E+02
 0.420000E+01  0.389117E+02
 0.430000E+01  0.388792E+02
 0.440000E+01  0.388482E+02
 0.450000E+01  0.388187E+02
 0.460000E+01  0.387906E+02
 0.470000E+01  0.387638E+02
 0.480000E+01  0.387383E+02
 0.490000E+01  0.387141E+02
 0.500000E+01  0.386910E+02
 0.510000E+01  0.386691E+02
 0.520000E+01  0.386482E+02
 0.530000E+01  0.386284E+02
 0.540000E+01  0.386096E+02
 0.550000E+01  0.385917E+02
 0.560000E+01  0.385748E+02
 0.570000E+01  0.385588E+02
 0.580000E+01  0.385436E+02
 0.590000E+01  0.385293E+02
 0.600000E+01  0.385157E+02
 0.610000E+01  0.385029E+02
 0.620000E+01  0.384909E+02
 0.630000E+01  0.384795E+02
 0.640000E+01  0.384689E+02
 0.650000E+01  0.384589E+02
 0.660000E+01  0.384495E+02
 0.670000E+01  0.384408E+02
 0.680000E+01  0.384326E+02
 0.690000E+01  0.384251E+02
 0.700000E+01  0.384180E+02
 0.710000E+01  0.384116E+02
 0.720000E+01  0.384056E+02
 0.730000E+01  0.384001E+02
 0.740000E+01  0.383951E+02
 0.750000E+01  0.383906E+02
 0.760000E+01  0.383866E+02
 0.770000E+01  0.383829E+02
 0.780000E+01  0.383797E+02
 0.790000E+01  0.383770E+02
 0.800000E+01  0.383746E+02
 0.810000E+01  0.383726E+02
 0.820000E+01  0.383709E+02
 0.830000E+01  0.383697E+02
 0.840000E+01  0.383688E+02
 0.850000E+01  0.383682E+02
 0.860000E+01  0.383679E+02
 0.870000E+01  0.383680E+02
 0.880000E+01  0.383684E+02
 0.890000E+01  0.383691E+02
 0.900000E+01  0.383700E+02
 0.910000E+01  0.383713E+02
 0.920000E+01  0.383728E+02
 0.930000E+01  0.383746E+02
 0.940000E+01  0.383767E+02
 0.950000E+01  0.383790E+02
 0.960000E+01  0.383816E+02
 0.970000E+01  0.383843E+02
 0.980000E+01  0.383874E+02
 0.990000E+01  0.383906E+02
 0.100000E+02  0.383941E+02
 # shift:   4.0000000000000001E-002
 0.100000E+00  0.214773E+02
 0.200000E+00  0.229493E+02
 0.300000E+00  0.342155E+02
 0.400000E+00  0.421676E+02
 0.500000E+00  0.436783E+02
 0.600000E+00  0.427579E+02
 0.700000E+00  0.415953E+02
 0.800000E+00  0.404970E+02
 0.900000E+00  0.398509E+02
 0.100000E+01  0.391913E+02
 0.110000E+01  0.387198E+02
 0.120000E+01  0.381872E+02
 0.130000E+01  0.377812E+02
 0.140000E+01  0.371505E+02
 0.150000E+01  0.363320E+02
 0.160000E+01  0.355017E+02
 0.170000E+01  0.357695E+02
 0.180000E+01  0.355445E+02
 0.190000E+01  0.354222E+02
 0.200000E+01  0.351824E+02
 0.210000E+01  0.349639E+02
 0.220000E+01  0.350307E+02
 0.230000E+01  0.348271E+02
 0.240000E+01  0.344745E+02
 0.250000E+01  0.346517E+02
 0.260000E+01  0.345136E+02
 0.270000E+01  0.342660E+02
 0.280000E+01  0.342970E+02
 0.290000E+01  0.343938E+02
 0.300000E+01  0.341081E+02
 0.310000E+01  0.341625E+02
 0.320000E+01  0.340104E+02
 0.330000E+01  0.339728E+02
 0.340000E+01  0.339923E+02
 0.350000E+01  0.340078E+02
 0.360000E+01  0.338294E+02
 0.370000E+01  0.338135E+02
 0.380000E+01  0.337250E+02
 0.390000E+01  0.335876E+02
 0.400000E+01  0.336119E+02
 0.410000E+01  0.336453E+02
 0.420000E+01  0.334913E+02
 0.430000E+01  0.334303E+02
 0.440000E+01  0.335163E+02
 0.450000E+01  0.334889E+02
 0.460000E+01  0.333541E+02
 0.470000E+01  0.333950E+02
 0.480000E+01  0.332394E+02
 0.490000E+01  0.334838E+02
 0.500000E+01  0.332201E+02
 0.510000E+01  0.333463E+02
 0.520000E+01  0.331486E+02
 0.530000E+01  0.332745E+02
 0.540000E+01  0.333085E+02
 0.550000E+01  0.333799E+02
 0.560000E+01  0.332515E+02
 0.570000E+01  0.333534E+02
 0.580000E+01  0.331687E+02
 0.590000E+01  0.333028E+02
 0.600000E+01  0.330542E+02
 0.610000E+01  0.332511E+02
 0.620000E+01  0.331118E+02
 0.630000E+01  0.332425E+02
 0.640000E+01  0.329736E+02
 0.650000E+01  0.332189E+02
 0.660000E+01  0.331473E+02
 0.670000E+01  0.331878E+02
 0.680000E+01  0.331789E+02
 0.690000E+01  0.330475E+02
 0.700000E+01  0.330760E+02
 0.710000E+01  0.331108E+02
 0.720000E+01  0.332400E+02
 0.730000E+01  0.334081E+02
 0.740000E+01  0.332905E+02
 0.750000E+01  0.331925E+02
 0.760000E+01  0.333119E+02
 0.770000E+01  0.331936E+02
 0.780000E+01  0.330430E+02
 0.790000E+01  0.330713E+02
 0.800000E+01  0.331173E+02
 0.810000E+01  0.331635E+02
 0.820000E+01  0.331064E+02
 0.830000E+01  0.333624E+02
 0.840000E+01  0.331794E+02
 0.850000E+01  0.330619E+02
 0.860000E+01  0.331518E+02
 0.870000E+01  0.333610E+02
 0.880000E+01  0.332903E+02
 0.890000E+01  0.331547E+02
 0.900000E+01  0.332649E+02
 0.910000E+01  0.332046E+02
 0.920000E+01  0.332328E+02
 0.930000E+01  0.333034E+02
 0.940000E+01  0.333589E+02
 0.950000E+01  0.332381E+02
 0.960000E+01  0.332212E+02
 0.970000E+01  0.332581E+02
 0.980000E+01  0.331533E+02
 0.990000E+01  0.333307E+02
 0.100000E+02  0.333011E+02
 # shift:   8.0000000000000002E-002
 0.100000E+00  0.195123E+02
 0.200000E+00  0.207531E+02
 0.300000E+00  0.309044E+02
 0.400000E+00  0.381323E+02
 0.500000E+00  0.393175E+02
 0.600000E+00  0.384152E+02
 0.700000E+00  0.373863E+02
 0.800000E+00  0.362081E+02
 0.900000E+00  0.354669E+02
 0.100000E+01  0.350117E+02
 0.110000E+01  0.343247E+02
 0.120000E+01  0.340995E+02
 0.130000E+01  0.339015E+02
 0.140000E+01  0.329848E+02
 0.150000E+01  0.322215E+02
 0.160000E+01  0.314183E+02
 0.170000E+01  0.310482E+02
 0.180000E+01  0.310102E+02
 0.190000E+01  0.306923E+02
 0.200000E+01  0.305065E+02
 0.210000E+01  0.304176E+02
 0.220000E+01  0.302725E+02
 0.230000E+01  0.299215E+02
 0.240000E+01  0.298938E+02
 0.250000E+01  0.298015E+02
 0.260000E+01  0.297896E+02
 0.270000E+01  0.296693E+02
 0.280000E+01  0.297734E+02
 0.290000E+01  0.296325E+02
 0.300000E+01  0.296007E+02
 0.310000E+01  0.294214E+02
 0.320000E+01  0.293310E+02
 0.330000E+01  0.291406E+02
 0.340000E+01  0.290957E+02
 0.350000E+01  0.290916E+02
 0.360000E+01  0.289463E+02
 0.370000E+01  0.290629E+02
 0.380000E+01  0.288291E+02
 0.390000E+01  0.288234E+02
 0.400000E+01  0.287060E+02
 0.410000E+01  0.287245E+02
 0.420000E+01  0.288005E+02
 0.430000E+01  0.284868E+02
 0.440000E+01  0.285593E+02
 0.450000E+01  0.284929E+02
 0.460000E+01  0.284956E+02
 0.470000E+01  0.285999E+02
 0.480000E+01  0.285017E+02
 0.490000E+01  0.284607E+02
 0.500000E+01  0.286081E+02
 0.510000E+01  0.283541E+02
 0.520000E+01  0.283195E+02
 0.530000E+01  0.282934E+02
 0.540000E+01  0.283742E+02
 0.550000E+01  0.285289E+02
 0.560000E+01  0.283236E+02
 0.570000E+01  0.285605E+02
 0.580000E+01  0.283565E+02
 0.590000E+01  0.285117E+02
 0.600000E+01  0.287347E+02
 0.610000E+01  0.283767E+02
 0.620000E+01  0.283620E+02
 0.630000E+01  0.281612E+02
 0.640000E+01  0.282227E+02
 0.650000E+01  0.284519E+02
 0.660000E+01  0.283834E+02
 0.670000E+01  0.283520E+02
 0.680000E+01  0.281461E+02
 0.690000E+01  0.283481E+02
 0.700000E+01  0.284313E+02
 0.710000E+01  0.284860E+02
 0.720000E+01  0.284278E+02
 0.730000E+01  0.286158E+02
 0.740000E+01  0.285871E+02
 0.750000E+01  0.286010E+02
 0.760000E+01  0.285481E+02
 0.770000E+01  0.284590E+02
 0.780000E+01  0.285353E+02
 0.790000E+01  0.286369E+02
 0.800000E+01  0.285775E+02
 0.810000E+01  0.286490E+02
 0.820000E+01  0.286036E+02
 0.830000E+01  0.283897E+02
 0.840000E+01  0.285694E+02
 0.850000E+01  0.286514E+02
 0.860000E+01  0.287318E+02
 0.870000E+01  0.284441E+02
 0.880000E+01  0.286573E+02
 0.890000E+01  0.285734E+02
 0.900000E+01  0.286970E+02
 0.910000E+01  0.284964E+02
 0.920000E+01  0.286012E+02
 0.930000E+01  0.286563E+02
 0.940000E+01  0.286751E+02
 0.950000E+01  0.285137E+02
 0.960000E+01  0.288553E+02
 0.970000E+01  0.289092E+02
 0.980000E+01  0.287425E+02
 0.990000E+01  0.289254E+02
 0.100000E+02  0.286900E+02
 # shift:  0.12000000000000000     
 0.100000E+00  0.176296E+02
 0.200000E+00  0.187172E+02
 0.300000E+00  0.277877E+02
 0.400000E+00  0.343183E+02
 0.500000E+00  0.351779E+02
 0.600000E+00  0.342687E+02
 0.700000E+00  0.333528E+02
 0.800000E+00  0.324750E+02
 0.900000E+00  0.316603E+02
 0.100000E+01  0.310000E+02
 0.110000E+01  0.306837E+02
 0.120000E+01  0.302083E+02
 0.130000E+01  0.298953E+02
 0.140000E+01  0.291845E+02
 0.150000E+01  0.283686E+02
 0.160000E+01  0.271995E+02
 0.170000E+01  0.271500E+02
 0.180000E+01  0.267893E+02
 0.190000E+01  0.268192E+02
 0.200000E+01  0.264562E+02
 0.210000E+01  0.263368E+02
 0.220000E+01  0.260468E+02
 0.230000E+01  0.259046E+02
 0.240000E+01  0.256939E+02
 0.250000E+01  0.258147E+02
 0.260000E+01  0.256593E+02
 0.270000E+01  0.253343E+02
 0.280000E+01  0.254596E+02
 0.290000E+01  0.252723E+02
 0.300000E+01  0.252670E+02
 0.310000E+01  0.249640E+02
 0.320000E+01  0.251454E+02
 0.330000E+01  0.247091E+02
 0.340000E+01  0.249425E+02
 0.350000E+01  0.245987E+02
 0.360000E+01  0.246308E+02
 0.370000E+01  0.247971E+02
 0.380000E+01  0.245346E+02
 0.390000E+01  0.244728E+02
 0.400000E+01  0.244317E+02
 0.410000E+01  0.245806E+02
 0.420000E+01  0.245319E+02
 0.430000E+01  0.243248E+02
 0.440000E+01  0.241772E+02
 0.450000E+01  0.243665E+02
 0.460000E+01  0.242228E+02
 0.470000E+01  0.243669E+02
 0.480000E+01  0.240507E+02
 0.490000E+01  0.242660E+02
 0.500000E+01  0.241026E+02
 0.510000E+01  0.243982E+02
 0.520000E+01  0.241918E+02
 0.530000E+01  0.242760E+02
 0.540000E+01  0.241986E+02
 0.550000E+01  0.240446E+02
 0.560000E+01  0.241266E+02
 0.570000E+01  0.241050E+02
 0.580000E+01  0.241611E+02
 0.590000E+01  0.241001E+02
 0.600000E+01  0.239972E+02
 0.610000E+01  0.241972E+02
 0.620000E+01  0.242916E+02
 0.630000E+01  0.240863E+02
 0.640000E+01  0.244143E+02
 0.650000E+01  0.241387E+02
 0.660000E+01  0.244789E+02
 0.670000E+01  0.243215E+02
 0.680000E+01  0.244220E+02
 0.690000E+01  0.240041E+02
 0.700000E+01  0.241496E+02
 0.710000E+01  0.243068E+02
 0.720000E+01  0.242262E+02
 0.730000E+01  0.243514E+02
 0.740000E+01  0.244635E+02
 0.750000E+01  0.242802E+02
 0.760000E+01  0.243774E+02
 0.770000E+01  0.242791E+02
 0.780000E+01  0.242253E+02
 0.790000E+01  0.246169E+02
 0.800000E+01  0.244197E+02
 0.810000E+01  0.244433E+02
 0.820000E+01  0.246245E+02
 0.830000E+01  0.242535E+02
 0.840000E+01  0.243929E+02
 0.850000E+01  0.244712E+02
 0.860000E+01  0.244653E+02
 0.870000E+01  0.245594E+02
 0.880000E+01  0.245903E+02
 0.890000E+01  0.246138E+02
 0.900000E+01  0.243477E+02
 0.910000E+01  0.244655E+02
 0.920000E+01  0.245298E+02
 0.930000E+01  0.247363E+02
 0.940000E+01  0.245400E+02
 0.950000E+01  0.243131E+02
 0.960000E+01  0.243435E+02
 0.970000E+01  0.248289E+02
 0.980000E+01  0.250746E+02
 0.990000E+01  0.248752E+02
 0.100000E+02  0.245914E+02
 # shift:  0.16000000000000000     
 0.100000E+00  0.159138E+02
 0.200000E+00  0.167279E+02
 0.300000E+00  0.249146E+02
 0.400000E+00  0.305487E+02
 0.500000E+00  0.313366E+02
 0.600000E+00  0.301765E+02
 0.700000E+00  0.296031E+02
 0.800000E+00  0.286969E+02
 0.900000E+00  0.279926E+02
 0.100000E+01  0.274197E+02
 0.110000E+01  0.269304E+02
 0.120000E+01  0.267167E+02
 0.130000E+01  0.265046E+02
 0.140000E+01  0.255107E+02
 0.150000E+01  0.246792E+02
 0.160000E+01  0.234524E+02
 0.170000E+01  0.233733E+02
 0.180000E+01  0.230656E+02
 0.190000E+01  0.227969E+02
 0.200000E+01  0.227477E+02
 0.210000E+01  0.225148E+02
 0.220000E+01  0.224276E+02
 0.230000E+01  0.221954E+02
 0.240000E+01  0.221976E+02
 0.250000E+01  0.219174E+02
 0.260000E+01  0.217773E+02
 0.270000E+01  0.215780E+02
 0.280000E+01  0.215039E+02
 0.290000E+01  0.216075E+02
 0.300000E+01  0.213415E+02
 0.310000E+01  0.210699E+02
 0.320000E+01  0.212607E+02
 0.330000E+01  0.207785E+02
 0.340000E+01  0.211405E+02
 0.350000E+01  0.207210E+02
 0.360000E+01  0.209553E+02
 0.370000E+01  0.207463E+02
 0.380000E+01  0.206346E+02
 0.390000E+01  0.206879E+02
 0.400000E+01  0.207596E+02
 0.410000E+01  0.207269E+02
 0.420000E+01  0.204267E+02
 0.430000E+01  0.206001E+02
 0.440000E+01  0.203914E+02
 0.450000E+01  0.204536E+02
 0.460000E+01  0.203495E+02
 0.470000E+01  0.203762E+02
 0.480000E+01  0.203512E+02
 0.490000E+01  0.204565E+02
 0.500000E+01  0.202992E+02
 0.510000E+01  0.203109E+02
 0.520000E+01  0.205589E+02
 0.530000E+01  0.205716E+02
 0.540000E+01  0.205364E+02
 0.550000E+01  0.203842E+02
 0.560000E+01  0.204466E+02
 0.570000E+01  0.203841E+02
 0.580000E+01  0.203857E+02
 0.590000E+01  0.206555E+02
 0.600000E+01  0.204076E+02
 0.610000E+01  0.204200E+02
 0.620000E+01  0.203905E+02
 0.630000E+01  0.203249E+02
 0.640000E+01  0.203443E+02
 0.650000E+01  0.205024E+02
 0.660000E+01  0.203898E+02
 0.670000E+01  0.202064E+02
 0.680000E+01  0.203462E+02
 0.690000E+01  0.206861E+02
 0.700000E+01  0.203155E+02
 0.710000E+01  0.202967E+02
 0.720000E+01  0.204567E+02
 0.730000E+01  0.205191E+02
 0.740000E+01  0.205107E+02
 0.750000E+01  0.208077E+02
 0.760000E+01  0.209130E+02
 0.770000E+01  0.206519E+02
 0.780000E+01  0.205696E+02
 0.790000E+01  0.208003E+02
 0.800000E+01  0.207050E+02
 0.810000E+01  0.209150E+02
 0.820000E+01  0.205803E+02
 0.830000E+01  0.207273E+02
 0.840000E+01  0.209493E+02
 0.850000E+01  0.209644E+02
 0.860000E+01  0.209815E+02
 0.870000E+01  0.208703E+02
 0.880000E+01  0.207726E+02
 0.890000E+01  0.210704E+02
 0.900000E+01  0.207371E+02
 0.910000E+01  0.209392E+02
 0.920000E+01  0.211760E+02
 0.930000E+01  0.210120E+02
 0.940000E+01  0.208424E+02
 0.950000E+01  0.209223E+02
 0.960000E+01  0.211386E+02
 0.970000E+01  0.210519E+02
 0.980000E+01  0.212301E+02
 0.990000E+01  0.213529E+02
 0.100000E+02  0.210956E+02
 # shift:  0.20000000000000001     
 0.100000E+00  0.141838E+02
 0.200000E+00  0.148925E+02
 0.300000E+00  0.220225E+02
 0.400000E+00  0.271707E+02
 0.500000E+00  0.276492E+02
 0.600000E+00  0.266135E+02
 0.700000E+00  0.261395E+02
 0.800000E+00  0.253733E+02
 0.900000E+00  0.248032E+02
 0.100000E+01  0.239441E+02
 0.110000E+01  0.237021E+02
 0.120000E+01  0.234666E+02
 0.130000E+01  0.231011E+02
 0.140000E+01  0.222957E+02
 0.150000E+01  0.213475E+02
 0.160000E+01  0.201810E+02
 0.170000E+01  0.198886E+02
 0.180000E+01  0.196250E+02
 0.190000E+01  0.193593E+02
 0.200000E+01  0.193690E+02
 0.210000E+01  0.189014E+02
 0.220000E+01  0.187444E+02
 0.230000E+01  0.184482E+02
 0.240000E+01  0.186256E+02
 0.250000E+01  0.183544E+02
 0.260000E+01  0.184552E+02
 0.270000E+01  0.179943E+02
 0.280000E+01  0.182646E+02
 0.290000E+01  0.179249E+02
 0.300000E+01  0.178244E+02
 0.310000E+01  0.178435E+02
 0.320000E+01  0.176651E+02
 0.330000E+01  0.175551E+02
 0.340000E+01  0.174052E+02
 0.350000E+01  0.172136E+02
 0.360000E+01  0.176516E+02
 0.370000E+01  0.174620E+02
 0.380000E+01  0.173595E+02
 0.390000E+01  0.173967E+02
 0.400000E+01  0.171967E+02
 0.410000E+01  0.172238E+02
 0.420000E+01  0.171756E+02
 0.430000E+01  0.173362E+02
 0.440000E+01  0.170427E+02
 0.450000E+01  0.172103E+02
 0.460000E+01  0.168371E+02
 0.470000E+01  0.171433E+02
 0.480000E+01  0.169945E+02
 0.490000E+01  0.171078E+02
 0.500000E+01  0.168209E+02
 0.510000E+01  0.170666E+02
 0.520000E+01  0.170497E+02
 0.530000E+01  0.169096E+02
 0.540000E+01  0.171678E+02
 0.550000E+01  0.172119E+02
 0.560000E+01  0.169922E+02
 0.570000E+01  0.168001E+02
 0.580000E+01  0.170652E+02
 0.590000E+01  0.171763E+02
 0.600000E+01  0.170220E+02
 0.610000E+01  0.173167E+02
 0.620000E+01  0.170168E+02
 0.630000E+01  0.172388E+02
 0.640000E+01  0.170917E+02
 0.650000E+01  0.173757E+02
 0.660000E+01  0.172081E+02
 0.670000E+01  0.172734E+02
 0.680000E+01  0.172351E+02
 0.690000E+01  0.171549E+02
 0.700000E+01  0.174072E+02
 0.710000E+01  0.172660E+02
 0.720000E+01  0.176109E+02
 0.730000E+01  0.173396E+02
 0.740000E+01  0.171338E+02
 0.750000E+01  0.174908E+02
 0.760000E+01  0.173507E+02
 0.770000E+01  0.175448E+02
 0.780000E+01  0.176125E+02
 0.790000E+01  0.174884E+02
 0.800000E+01  0.174585E+02
 0.810000E+01  0.176898E+02
 0.820000E+01  0.175835E+02
 0.830000E+01  0.174486E+02
 0.840000E+01  0.178012E+02
 0.850000E+01  0.176167E+02
 0.860000E+01  0.178833E+02
 0.870000E+01  0.179102E+02
 0.880000E+01  0.178336E+02
 0.890000E+01  0.178339E+02
 0.900000E+01  0.178766E+02
 0.910000E+01  0.180288E+02
 0.920000E+01  0.179374E+02
 0.930000E+01  0.180821E+02
 0.940000E+01  0.179353E+02
 0.950000E+01  0.178174E+02
 0.960000E+01  0.180355E+02
 0.970000E+01  0.180579E+02
 0.980000E+01  0.182321E+02
 0.990000E+01  0.177902E+02
 0.100000E+02  0.180107E+02
 # shift:  0.23999999999999999     
 0.100000E+00  0.125315E+02
 0.200000E+00  0.132186E+02
 0.300000E+00  0.194438E+02
 0.400000E+00  0.237018E+02
 0.500000E+00  0.242264E+02
 0.600000E+00  0.232915E+02
 0.700000E+00  0.228952E+02
 0.800000E+00  0.218563E+02
 0.900000E+00  0.215036E+02
 0.100000E+01  0.208018E+02
 0.110000E+01  0.207180E+02
 0.120000E+01  0.203383E+02
 0.130000E+01  0.201845E+02
 0.140000E+01  0.194044E+02
 0.150000E+01  0.182263E+02
 0.160000E+01  0.171476E+02
 0.170000E+01  0.169350E+02
 0.180000E+01  0.165300E+02
 0.190000E+01  0.162746E+02
 0.200000E+01  0.160708E+02
 0.210000E+01  0.161247E+02
 0.220000E+01  0.155036E+02
 0.230000E+01  0.155280E+02
 0.240000E+01  0.156795E+02
 0.250000E+01  0.154379E+02
 0.260000E+01  0.150914E+02
 0.270000E+01  0.150170E+02
 0.280000E+01  0.151519E+02
 0.290000E+01  0.148805E+02
 0.300000E+01  0.148043E+02
 0.310000E+01  0.150367E+02
 0.320000E+01  0.146636E+02
 0.330000E+01  0.146793E+02
 0.340000E+01  0.146136E+02
 0.350000E+01  0.142313E+02
 0.360000E+01  0.147765E+02
 0.370000E+01  0.144317E+02
 0.380000E+01  0.142349E+02
 0.390000E+01  0.141932E+02
 0.400000E+01  0.143160E+02
 0.410000E+01  0.143574E+02
 0.420000E+01  0.140919E+02
 0.430000E+01  0.140568E+02
 0.440000E+01  0.142126E+02
 0.450000E+01  0.140407E+02
 0.460000E+01  0.141004E+02
 0.470000E+01  0.140655E+02
 0.480000E+01  0.140833E+02
 0.490000E+01  0.141945E+02
 0.500000E+01  0.142015E+02
 0.510000E+01  0.143462E+02
 0.520000E+01  0.141878E+02
 0.530000E+01  0.141013E+02
 0.540000E+01  0.143261E+02
 0.550000E+01  0.138255E+02
 0.560000E+01  0.142900E+02
 0.570000E+01  0.143400E+02
 0.580000E+01  0.143633E+02
 0.590000E+01  0.143156E+02
 0.600000E+01  0.140024E+02
 0.610000E+01  0.141094E+02
 0.620000E+01  0.144456E+02
 0.630000E+01  0.142913E+02
 0.640000E+01  0.145739E+02
 0.650000E+01  0.141663E+02
 0.660000E+01  0.143801E+02
 0.670000E+01  0.146152E+02
 0.680000E+01  0.144833E+02
 0.690000E+01  0.145612E+02
 0.700000E+01  0.142070E+02
 0.710000E+01  0.144466E+02
 0.720000E+01  0.146709E+02
 0.730000E+01  0.142176E+02
 0.740000E+01  0.144308E+02
 0.750000E+01  0.149167E+02
 0.760000E+01  0.144487E+02
 0.770000E+01  0.145951E+02
 0.780000E+01  0.145747E+02
 0.790000E+01  0.146658E+02
 0.800000E+01  0.146188E+02
 0.810000E+01  0.150555E+02
 0.820000E+01  0.148246E+02
 0.830000E+01  0.149987E+02
 0.840000E+01  0.151135E+02
 0.850000E+01  0.150211E+02
 0.860000E+01  0.149769E+02
 0.870000E+01  0.151227E+02
 0.880000E+01  0.151728E+02
 0.890000E+01  0.148412E+02
 0.900000E+01  0.152578E+02
 0.910000E+01  0.150895E+02
 0.920000E+01  0.153702E+02
 0.930000E+01  0.153211E+02
 0.940000E+01  0.152087E+02
 0.950000E+01  0.152326E+02
 0.960000E+01  0.151703E+02
 0.970000E+01  0.154190E+02
 0.980000E+01  0.153108E+02
 0.990000E+01  0.155847E+02
 0.100000E+02  0.154191E+02
 # shift:  0.28000000000000003     
 0.100000E+00  0.110119E+02
 0.200000E+00  0.115068E+02
 0.300000E+00  0.169784E+02
 0.400000E+00  0.206852E+02
 0.500000E+00  0.210057E+02
 0.600000E+00  0.203334E+02
 0.700000E+00  0.198331E+02
 0.800000E+00  0.190097E+02
 0.900000E+00  0.184729E+02
 0.100000E+01  0.178948E+02
 0.110000E+01  0.176928E+02
 0.120000E+01  0.174130E+02
 0.130000E+01  0.172721E+02
 0.140000E+01  0.166086E+02
 0.150000E+01  0.156590E+02
 0.160000E+01  0.142869E+02
 0.170000E+01  0.139794E+02
 0.180000E+01  0.138940E+02
 0.190000E+01  0.135769E+02
 0.200000E+01  0.133518E+02
 0.210000E+01  0.133761E+02
 0.220000E+01  0.131295E+02
 0.230000E+01  0.129134E+02
 0.240000E+01  0.129945E+02
 0.250000E+01  0.128576E+02
 0.260000E+01  0.124464E+02
 0.270000E+01  0.124085E+02
 0.280000E+01  0.125853E+02
 0.290000E+01  0.122963E+02
 0.300000E+01  0.123248E+02
 0.310000E+01  0.122811E+02
 0.320000E+01  0.117053E+02
 0.330000E+01  0.118605E+02
 0.340000E+01  0.120887E+02
 0.350000E+01  0.118114E+02
 0.360000E+01  0.117664E+02
 0.370000E+01  0.118902E+02
 0.380000E+01  0.120281E+02
 0.390000E+01  0.119067E+02
 0.400000E+01  0.118679E+02
 0.410000E+01  0.117110E+02
 0.420000E+01  0.116696E+02
 0.430000E+01  0.115802E+02
 0.440000E+01  0.114932E+02
 0.450000E+01  0.114729E+02
 0.460000E+01  0.115712E+02
 0.470000E+01  0.116795E+02
 0.480000E+01  0.114317E+02
 0.490000E+01  0.116026E+02
 0.500000E+01  0.115918E+02
 0.510000E+01  0.116259E+02
 0.520000E+01  0.116679E+02
 0.530000E+01  0.116890E+02
 0.540000E+01  0.117682E+02
 0.550000E+01  0.117666E+02
 0.560000E+01  0.117171E+02
 0.570000E+01  0.117431E+02
 0.580000E+01  0.118078E+02
 0.590000E+01  0.116705E+02
 0.600000E+01  0.115643E+02
 0.610000E+01  0.117338E+02
 0.620000E+01  0.118533E+02
 0.630000E+01  0.118979E+02
 0.640000E+01  0.120485E+02
 0.650000E+01  0.120415E+02
 0.660000E+01  0.122423E+02
 0.670000E+01  0.120666E+02
 0.680000E+01  0.121639E+02
 0.690000E+01  0.119175E+02
 0.700000E+01  0.118174E+02
 0.710000E+01  0.121784E+02
 0.720000E+01  0.122111E+02
 0.730000E+01  0.118522E+02
 0.740000E+01  0.119524E+02
 0.750000E+01  0.121852E+02
 0.760000E+01  0.122818E+02
 0.770000E+01  0.126088E+02
 0.780000E+01  0.122585E+02
 0.790000E+01  0.121751E+02
 0.800000E+01  0.122453E+02
 0.810000E+01  0.125497E+02
 0.820000E+01  0.122614E+02
 0.830000E+01  0.125488E+02
 0.840000E+01  0.125581E+02
 0.850000E+01  0.125886E+02
 0.860000E+01  0.126921E+02
 0.870000E+01  0.128149E+02
 0.880000E+01  0.127249E+02
 0.890000E+01  0.126791E+02
 0.900000E+01  0.128041E+02
 0.910000E+01  0.129791E+02
 0.920000E+01  0.127762E+02
 0.930000E+01  0.130397E+02
 0.940000E+01  0.130462E+02
 0.950000E+01  0.127207E+02
 0.960000E+01  0.128943E+02
 0.970000E+01  0.130680E+02
 0.980000E+01  0.128598E+02
 0.990000E+01  0.130662E+02
 0.100000E+02  0.132728E+02
 # shift:  0.32000000000000001     
 0.100000E+00  0.956989E+01
 0.200000E+00  0.997416E+01
 0.300000E+00  0.147660E+02
 0.400000E+00  0.180392E+02
 0.500000E+00  0.178427E+02
 0.600000E+00  0.172407E+02
 0.700000E+00  0.168541E+02
 0.800000E+00  0.162397E+02
 0.900000E+00  0.158258E+02
 0.100000E+01  0.153061E+02
 0.110000E+01  0.149940E+02
 0.120000E+01  0.150839E+02
 0.130000E+01  0.146252E+02
 0.140000E+01  0.139395E+02
 0.150000E+01  0.129343E+02
 0.160000E+01  0.119224E+02
 0.170000E+01  0.115306E+02
 0.180000E+01  0.113387E+02
 0.190000E+01  0.111656E+02
 0.200000E+01  0.107856E+02
 0.210000E+01  0.107699E+02
 0.220000E+01  0.106633E+02
 0.230000E+01  0.106822E+02
 0.240000E+01  0.103712E+02
 0.250000E+01  0.104047E+02
 0.260000E+01  0.103316E+02
 0.270000E+01  0.103906E+02
 0.280000E+01  0.101593E+02
 0.290000E+01  0.100856E+02
 0.300000E+01  0.988467E+01
 0.310000E+01  0.987804E+01
 0.320000E+01  0.981701E+01
 0.330000E+01  0.954658E+01
 0.340000E+01  0.976983E+01
 0.350000E+01  0.962276E+01
 0.360000E+01  0.968596E+01
 0.370000E+01  0.948365E+01
 0.380000E+01  0.949121E+01
 0.390000E+01  0.949920E+01
 0.400000E+01  0.941600E+01
 0.410000E+01  0.941514E+01
 0.420000E+01  0.911312E+01
 0.430000E+01  0.946319E+01
 0.440000E+01  0.937990E+01
 0.450000E+01  0.934366E+01
 0.460000E+01  0.940090E+01
 0.470000E+01  0.929169E+01
 0.480000E+01  0.933207E+01
 0.490000E+01  0.951205E+01
 0.500000E+01  0.961472E+01
 0.510000E+01  0.952032E+01
 0.520000E+01  0.948814E+01
 0.530000E+01  0.949293E+01
 0.540000E+01  0.958483E+01
 0.550000E+01  0.939709E+01
 0.560000E+01  0.944312E+01
 0.570000E+01  0.960692E+01
 0.580000E+01  0.961278E+01
 0.590000E+01  0.959186E+01
 0.600000E+01  0.957116E+01
 0.610000E+01  0.974124E+01
 0.620000E+01  0.990563E+01
 0.630000E+01  0.969299E+01
 0.640000E+01  0.995575E+01
 0.650000E+01  0.973394E+01
 0.660000E+01  0.972004E+01
 0.670000E+01  0.991388E+01
 0.680000E+01  0.979840E+01
 0.690000E+01  0.100116E+02
 0.700000E+01  0.102480E+02
 0.710000E+01  0.980455E+01
 0.720000E+01  0.100373E+02
 0.730000E+01  0.103047E+02
 0.740000E+01  0.102534E+02
 0.750000E+01  0.101255E+02
 0.760000E+01  0.100630E+02
 0.770000E+01  0.103404E+02
 0.780000E+01  0.102589E+02
 0.790000E+01  0.102716E+02
 0.800000E+01  0.103132E+02
 0.810000E+01  0.102436E+02
 0.820000E+01  0.103352E+02
 0.830000E+01  0.105095E+02
 0.840000E+01  0.106838E+02
 0.850000E+01  0.104553E+02
 0.860000E+01  0.106011E+02
 0.870000E+01  0.105570E+02
 0.880000E+01  0.108352E+02
 0.890000E+01  0.107203E+02
 0.900000E+01  0.105326E+02
 0.910000E+01  0.109013E+02
 0.920000E+01  0.107674E+02
 0.930000E+01  0.108984E+02
 0.940000E+01  0.107743E+02
 0.950000E+01  0.109476E+02
 0.960000E+01  0.110481E+02
 0.970000E+01  0.109856E+02
 0.980000E+01  0.109749E+02
 0.990000E+01  0.109874E+02
 0.100000E+02  0.111919E+02
 # shift:  0.35999999999999999     
 0.100000E+00  0.830652E+01
 0.200000E+00  0.856388E+01
 0.300000E+00  0.125856E+02
 0.400000E+00  0.154748E+02
 0.500000E+00  0.153821E+02
 0.600000E+00  0.145235E+02
 0.700000E+00  0.144127E+02
 0.800000E+00  0.137465E+02
 0.900000E+00  0.133703E+02
 0.100000E+01  0.128676E+02
 0.110000E+01  0.127575E+02
 0.120000E+01  0.127825E+02
 0.130000E+01  0.121259E+02
 0.140000E+01  0.118701E+02
 0.150000E+01  0.110866E+02
 0.160000E+01  0.954986E+01
 0.170000E+01  0.941826E+01
 0.180000E+01  0.936169E+01
 0.190000E+01  0.902038E+01
 0.200000E+01  0.891928E+01
 0.210000E+01  0.864117E+01
 0.220000E+01  0.874565E+01
 0.230000E+01  0.863088E+01
 0.240000E+01  0.830019E+01
 0.250000E+01  0.837744E+01
 0.260000E+01  0.822481E+01
 0.270000E+01  0.815668E+01
 0.280000E+01  0.796874E+01
 0.290000E+01  0.815146E+01
 0.300000E+01  0.776216E+01
 0.310000E+01  0.804819E+01
 0.320000E+01  0.791104E+01
 0.330000E+01  0.767458E+01
 0.340000E+01  0.773151E+01
 0.350000E+01  0.759475E+01
 0.360000E+01  0.786777E+01
 0.370000E+01  0.765965E+01
 0.380000E+01  0.756953E+01
 0.390000E+01  0.764774E+01
 0.400000E+01  0.757022E+01
 0.410000E+01  0.761195E+01
 0.420000E+01  0.757805E+01
 0.430000E+01  0.735594E+01
 0.440000E+01  0.753073E+01
 0.450000E+01  0.742408E+01
 0.460000E+01  0.749628E+01
 0.470000E+01  0.764616E+01
 0.480000E+01  0.751911E+01
 0.490000E+01  0.746601E+01
 0.500000E+01  0.762019E+01
 0.510000E+01  0.777442E+01
 0.520000E+01  0.773158E+01
 0.530000E+01  0.749005E+01
 0.540000E+01  0.762732E+01
 0.550000E+01  0.763345E+01
 0.560000E+01  0.760117E+01
 0.570000E+01  0.774453E+01
 0.580000E+01  0.792842E+01
 0.590000E+01  0.766155E+01
 0.600000E+01  0.799971E+01
 0.610000E+01  0.792198E+01
 0.620000E+01  0.796954E+01
 0.630000E+01  0.799028E+01
 0.640000E+01  0.802845E+01
 0.650000E+01  0.805137E+01
 0.660000E+01  0.807056E+01
 0.670000E+01  0.807064E+01
 0.680000E+01  0.817462E+01
 0.690000E+01  0.820759E+01
 0.700000E+01  0.822530E+01
 0.710000E+01  0.820663E+01
 0.720000E+01  0.837434E+01
 0.730000E+01  0.829827E+01
 0.740000E+01  0.842005E+01
 0.750000E+01  0.854191E+01
 0.760000E+01  0.838555E+01
 0.770000E+01  0.837132E+01
 0.780000E+01  0.860858E+01
 0.790000E+01  0.832588E+01
 0.800000E+01  0.868608E+01
 0.810000E+01  0.866453E+01
 0.820000E+01  0.868142E+01
 0.830000E+01  0.853725E+01
 0.840000E+01  0.887277E+01
 0.850000E+01  0.879782E+01
 0.860000E+01  0.868458E+01
 0.870000E+01  0.895701E+01
 0.880000E+01  0.909714E+01
 0.890000E+01  0.904743E+01
 0.900000E+01  0.914166E+01
 0.910000E+01  0.898848E+01
 0.920000E+01  0.904448E+01
 0.930000E+01  0.911206E+01
 0.940000E+01  0.932362E+01
 0.950000E+01  0.916299E+01
 0.960000E+01  0.923076E+01
 0.970000E+01  0.928325E+01
 0.980000E+01  0.914963E+01
 0.990000E+01  0.942298E+01
 0.100000E+02  0.949678E+01
 # shift:  0.40000000000000002     
 0.100000E+00  0.705960E+01
 0.200000E+00  0.725829E+01
 0.300000E+00  0.106394E+02
 0.400000E+00  0.129244E+02
 0.500000E+00  0.128348E+02
 0.600000E+00  0.123333E+02
 0.700000E+00  0.120106E+02
 0.800000E+00  0.113455E+02
 0.900000E+00  0.111728E+02
 0.100000E+01  0.107713E+02
 0.110000E+01  0.105081E+02
 0.120000E+01  0.104298E+02
 0.130000E+01  0.101239E+02
 0.140000E+01  0.978004E+01
 0.150000E+01  0.897978E+01
 0.160000E+01  0.788659E+01
 0.170000E+01  0.754515E+01
 0.180000E+01  0.741496E+01
 0.190000E+01  0.732881E+01
 0.200000E+01  0.705699E+01
 0.210000E+01  0.680740E+01
 0.220000E+01  0.678594E+01
 0.230000E+01  0.665543E+01
 0.240000E+01  0.651616E+01
 0.250000E+01  0.669240E+01
 0.260000E+01  0.638604E+01
 0.270000E+01  0.644011E+01
 0.280000E+01  0.621352E+01
 0.290000E+01  0.645637E+01
 0.300000E+01  0.614660E+01
 0.310000E+01  0.619077E+01
 0.320000E+01  0.608769E+01
 0.330000E+01  0.605009E+01
 0.340000E+01  0.616990E+01
 0.350000E+01  0.609382E+01
 0.360000E+01  0.617874E+01
 0.370000E+01  0.587083E+01
 0.380000E+01  0.602672E+01
 0.390000E+01  0.589384E+01
 0.400000E+01  0.582774E+01
 0.410000E+01  0.603076E+01
 0.420000E+01  0.598073E+01
 0.430000E+01  0.601655E+01
 0.440000E+01  0.585054E+01
 0.450000E+01  0.593344E+01
 0.460000E+01  0.599896E+01
 0.470000E+01  0.592311E+01
 0.480000E+01  0.589985E+01
 0.490000E+01  0.602391E+01
 0.500000E+01  0.602612E+01
 0.510000E+01  0.623925E+01
 0.520000E+01  0.615086E+01
 0.530000E+01  0.597775E+01
 0.540000E+01  0.622194E+01
 0.550000E+01  0.622099E+01
 0.560000E+01  0.641499E+01
 0.570000E+01  0.634871E+01
 0.580000E+01  0.645798E+01
 0.590000E+01  0.609533E+01
 0.600000E+01  0.633391E+01
 0.610000E+01  0.634528E+01
 0.620000E+01  0.640488E+01
 0.630000E+01  0.652998E+01
 0.640000E+01  0.650701E+01
 0.650000E+01  0.640340E+01
 0.660000E+01  0.650374E+01
 0.670000E+01  0.673290E+01
 0.680000E+01  0.653931E+01
 0.690000E+01  0.664754E+01
 0.700000E+01  0.666169E+01
 0.710000E+01  0.684878E+01
 0.720000E+01  0.699942E+01
 0.730000E+01  0.675266E+01
 0.740000E+01  0.692840E+01
 0.750000E+01  0.671260E+01
 0.760000E+01  0.714374E+01
 0.770000E+01  0.712963E+01
 0.780000E+01  0.716742E+01
 0.790000E+01  0.718033E+01
 0.800000E+01  0.713383E+01
 0.810000E+01  0.717951E+01
 0.820000E+01  0.719647E+01
 0.830000E+01  0.742069E+01
 0.840000E+01  0.730157E+01
 0.850000E+01  0.737628E+01
 0.860000E+01  0.745105E+01
 0.870000E+01  0.740502E+01
 0.880000E+01  0.751828E+01
 0.890000E+01  0.756446E+01
 0.900000E+01  0.758192E+01
 0.910000E+01  0.783542E+01
 0.920000E+01  0.770910E+01
 0.930000E+01  0.769987E+01
 0.940000E+01  0.772139E+01
 0.950000E+01  0.775256E+01
 0.960000E+01  0.788741E+01
 0.970000E+01  0.782273E+01
 0.980000E+01  0.805559E+01
 0.990000E+01  0.787583E+01
 0.100000E+02  0.812995E+01
 # shift:  0.44000000000000000     
 0.100000E+00  0.595606E+01
 0.200000E+00  0.604101E+01
 0.300000E+00  0.884223E+01
 0.400000E+00  0.104906E+02
 0.500000E+00  0.105979E+02
 0.600000E+00  0.100793E+02
 0.700000E+00  0.100608E+02
 0.800000E+00  0.930685E+01
 0.900000E+00  0.907005E+01
 0.100000E+01  0.886026E+01
 0.110000E+01  0.867571E+01
 0.120000E+01  0.866483E+01
 0.130000E+01  0.835577E+01
 0.140000E+01  0.808846E+01
 0.150000E+01  0.723196E+01
 0.160000E+01  0.631293E+01
 0.170000E+01  0.618694E+01
 0.180000E+01  0.578359E+01
 0.190000E+01  0.564127E+01
 0.200000E+01  0.558285E+01
 0.210000E+01  0.532675E+01
 0.220000E+01  0.529864E+01
 0.230000E+01  0.526322E+01
 0.240000E+01  0.511087E+01
 0.250000E+01  0.506307E+01
 0.260000E+01  0.505562E+01
 0.270000E+01  0.515367E+01
 0.280000E+01  0.479074E+01
 0.290000E+01  0.477708E+01
 0.300000E+01  0.488217E+01
 0.310000E+01  0.491046E+01
 0.320000E+01  0.472460E+01
 0.330000E+01  0.465543E+01
 0.340000E+01  0.470247E+01
 0.350000E+01  0.460466E+01
 0.360000E+01  0.464042E+01
 0.370000E+01  0.445151E+01
 0.380000E+01  0.463234E+01
 0.390000E+01  0.456523E+01
 0.400000E+01  0.453161E+01
 0.410000E+01  0.462481E+01
 0.420000E+01  0.460714E+01
 0.430000E+01  0.459163E+01
 0.440000E+01  0.475891E+01
 0.450000E+01  0.455537E+01
 0.460000E+01  0.465293E+01
 0.470000E+01  0.475244E+01
 0.480000E+01  0.478806E+01
 0.490000E+01  0.470763E+01
 0.500000E+01  0.474932E+01
 0.510000E+01  0.493804E+01
 0.520000E+01  0.490639E+01
 0.530000E+01  0.476095E+01
 0.540000E+01  0.487639E+01
 0.550000E+01  0.510183E+01
 0.560000E+01  0.496458E+01
 0.570000E+01  0.494709E+01
 0.580000E+01  0.490853E+01
 0.590000E+01  0.509742E+01
 0.600000E+01  0.523429E+01
 0.610000E+01  0.519790E+01
 0.620000E+01  0.517510E+01
 0.630000E+01  0.522552E+01
 0.640000E+01  0.555298E+01
 0.650000E+01  0.529387E+01
 0.660000E+01  0.539639E+01
 0.670000E+01  0.551433E+01
 0.680000E+01  0.535943E+01
 0.690000E+01  0.548518E+01
 0.700000E+01  0.558598E+01
 0.710000E+01  0.557736E+01
 0.720000E+01  0.556113E+01
 0.730000E+01  0.540482E+01
 0.740000E+01  0.566136E+01
 0.750000E+01  0.563958E+01
 0.760000E+01  0.582516E+01
 0.770000E+01  0.569219E+01
 0.780000E+01  0.595462E+01
 0.790000E+01  0.592732E+01
 0.800000E+01  0.595190E+01
 0.810000E+01  0.625473E+01
 0.820000E+01  0.605110E+01
 0.830000E+01  0.618903E+01
 0.840000E+01  0.605267E+01
 0.850000E+01  0.623483E+01
 0.860000E+01  0.611968E+01
 0.870000E+01  0.615423E+01
 0.880000E+01  0.635956E+01
 0.890000E+01  0.631171E+01
 0.900000E+01  0.648262E+01
 0.910000E+01  0.647707E+01
 0.920000E+01  0.644472E+01
 0.930000E+01  0.671556E+01
 0.940000E+01  0.651252E+01
 0.950000E+01  0.667219E+01
 0.960000E+01  0.658819E+01
 0.970000E+01  0.663090E+01
 0.980000E+01  0.673890E+01
 0.990000E+01  0.697366E+01
 0.100000E+02  0.665753E+01
 # shift:  0.47999999999999998     
 0.100000E+00  0.493831E+01
 0.200000E+00  0.504069E+01
 0.300000E+00  0.730183E+01
 0.400000E+00  0.866992E+01
 0.500000E+00  0.883476E+01
 0.600000E+00  0.815606E+01
 0.700000E+00  0.806476E+01
 0.800000E+00  0.764620E+01
 0.900000E+00  0.731114E+01
 0.100000E+01  0.702327E+01
 0.110000E+01  0.706158E+01
 0.120000E+01  0.698956E+01
 0.130000E+01  0.668883E+01
 0.140000E+01  0.644046E+01
 0.150000E+01  0.572683E+01
 0.160000E+01  0.473521E+01
 0.170000E+01  0.459358E+01
 0.180000E+01  0.438874E+01
 0.190000E+01  0.419163E+01
 0.200000E+01  0.424345E+01
 0.210000E+01  0.400058E+01
 0.220000E+01  0.396547E+01
 0.230000E+01  0.391096E+01
 0.240000E+01  0.393481E+01
 0.250000E+01  0.380377E+01
 0.260000E+01  0.385625E+01
 0.270000E+01  0.373443E+01
 0.280000E+01  0.368062E+01
 0.290000E+01  0.376161E+01
 0.300000E+01  0.371242E+01
 0.310000E+01  0.377197E+01
 0.320000E+01  0.358770E+01
 0.330000E+01  0.370666E+01
 0.340000E+01  0.354500E+01
 0.350000E+01  0.359947E+01
 0.360000E+01  0.376165E+01
 0.370000E+01  0.354440E+01
 0.380000E+01  0.359533E+01
 0.390000E+01  0.367755E+01
 0.400000E+01  0.350639E+01
 0.410000E+01  0.369206E+01
 0.420000E+01  0.357015E+01
 0.430000E+01  0.346997E+01
 0.440000E+01  0.362260E+01
 0.450000E+01  0.351697E+01
 0.460000E+01  0.369674E+01
 0.470000E+01  0.369032E+01
 0.480000E+01  0.378474E+01
 0.490000E+01  0.360235E+01
 0.500000E+01  0.363115E+01
 0.510000E+01  0.395391E+01
 0.520000E+01  0.375274E+01
 0.530000E+01  0.375854E+01
 0.540000E+01  0.395362E+01
 0.550000E+01  0.397495E+01
 0.560000E+01  0.401757E+01
 0.570000E+01  0.413543E+01
 0.580000E+01  0.399119E+01
 0.590000E+01  0.398393E+01
 0.600000E+01  0.411540E+01
 0.610000E+01  0.398890E+01
 0.620000E+01  0.420513E+01
 0.630000E+01  0.433472E+01
 0.640000E+01  0.436045E+01
 0.650000E+01  0.429009E+01
 0.660000E+01  0.451205E+01
 0.670000E+01  0.449565E+01
 0.680000E+01  0.456580E+01
 0.690000E+01  0.453031E+01
 0.700000E+01  0.443152E+01
 0.710000E+01  0.464012E+01
 0.720000E+01  0.478534E+01
 0.730000E+01  0.464257E+01
 0.740000E+01  0.466309E+01
 0.750000E+01  0.494471E+01
 0.760000E+01  0.483095E+01
 0.770000E+01  0.488999E+01
 0.780000E+01  0.493372E+01
 0.790000E+01  0.497557E+01
 0.800000E+01  0.495991E+01
 0.810000E+01  0.523594E+01
 0.820000E+01  0.506688E+01
 0.830000E+01  0.518950E+01
 0.840000E+01  0.527762E+01
 0.850000E+01  0.542910E+01
 0.860000E+01  0.523914E+01
 0.870000E+01  0.538687E+01
 0.880000E+01  0.553272E+01
 0.890000E+01  0.539085E+01
 0.900000E+01  0.545238E+01
 0.910000E+01  0.571349E+01
 0.920000E+01  0.546429E+01
 0.930000E+01  0.556432E+01
 0.940000E+01  0.560492E+01
 0.950000E+01  0.568969E+01
 0.960000E+01  0.578026E+01
 0.970000E+01  0.583634E+01
 0.980000E+01  0.600570E+01
 0.990000E+01  0.606956E+01
 0.100000E+02  0.596452E+01
 # shift:  0.52000000000000002     
 0.100000E+00  0.405807E+01
 0.200000E+00  0.403533E+01
 0.300000E+00  0.573310E+01
 0.400000E+00  0.708001E+01
 0.500000E+00  0.700431E+01
 0.600000E+00  0.644546E+01
 0.700000E+00  0.639643E+01
 0.800000E+00  0.592254E+01
 0.900000E+00  0.591592E+01
 0.100000E+01  0.561339E+01
 0.110000E+01  0.556413E+01
 0.120000E+01  0.544677E+01
 0.130000E+01  0.528953E+01
 0.140000E+01  0.503116E+01
 0.150000E+01  0.452354E+01
 0.160000E+01  0.356818E+01
 0.170000E+01  0.343201E+01
 0.180000E+01  0.327487E+01
 0.190000E+01  0.315330E+01
 0.200000E+01  0.314136E+01
 0.210000E+01  0.301548E+01
 0.220000E+01  0.300263E+01
 0.230000E+01  0.289227E+01
 0.240000E+01  0.292619E+01
 0.250000E+01  0.292246E+01
 0.260000E+01  0.279389E+01
 0.270000E+01  0.284245E+01
 0.280000E+01  0.272880E+01
 0.290000E+01  0.285084E+01
 0.300000E+01  0.278333E+01
 0.310000E+01  0.272212E+01
 0.320000E+01  0.269865E+01
 0.330000E+01  0.263415E+01
 0.340000E+01  0.268180E+01
 0.350000E+01  0.260212E+01
 0.360000E+01  0.269696E+01
 0.370000E+01  0.273698E+01
 0.380000E+01  0.268918E+01
 0.390000E+01  0.262403E+01
 0.400000E+01  0.264100E+01
 0.410000E+01  0.275736E+01
 0.420000E+01  0.268880E+01
 0.430000E+01  0.274876E+01
 0.440000E+01  0.272714E+01
 0.450000E+01  0.269984E+01
 0.460000E+01  0.273474E+01
 0.470000E+01  0.278906E+01
 0.480000E+01  0.285114E+01
 0.490000E+01  0.277193E+01
 0.500000E+01  0.296567E+01
 0.510000E+01  0.304132E+01
 0.520000E+01  0.293920E+01
 0.530000E+01  0.292224E+01
 0.540000E+01  0.305209E+01
 0.550000E+01  0.317996E+01
 0.560000E+01  0.304934E+01
 0.570000E+01  0.331798E+01
 0.580000E+01  0.313745E+01
 0.590000E+01  0.329040E+01
 0.600000E+01  0.323725E+01
 0.610000E+01  0.332665E+01
 0.620000E+01  0.337565E+01
 0.630000E+01  0.337273E+01
 0.640000E+01  0.341988E+01
 0.650000E+01  0.354975E+01
 0.660000E+01  0.352390E+01
 0.670000E+01  0.364611E+01
 0.680000E+01  0.378369E+01
 0.690000E+01  0.373299E+01
 0.700000E+01  0.378802E+01
 0.710000E+01  0.376241E+01
 0.720000E+01  0.388665E+01
 0.730000E+01  0.380353E+01
 0.740000E+01  0.392590E+01
 0.750000E+01  0.403869E+01
 0.760000E+01  0.410928E+01
 0.770000E+01  0.402253E+01
 0.780000E+01  0.417572E+01
 0.790000E+01  0.411977E+01
 0.800000E+01  0.424423E+01
 0.810000E+01  0.416726E+01
 0.820000E+01  0.436661E+01
 0.830000E+01  0.445856E+01
 0.840000E+01  0.445845E+01
 0.850000E+01  0.452553E+01
 0.860000E+01  0.453509E+01
 0.870000E+01  0.454277E+01
 0.880000E+01  0.454282E+01
 0.890000E+01  0.462539E+01
 0.900000E+01  0.463318E+01
 0.910000E+01  0.483286E+01
 0.920000E+01  0.478509E+01
 0.930000E+01  0.496951E+01
 0.940000E+01  0.491222E+01
 0.950000E+01  0.486838E+01
 0.960000E+01  0.496465E+01
 0.970000E+01  0.501875E+01
 0.980000E+01  0.516502E+01
 0.990000E+01  0.533438E+01
 0.100000E+02  0.535981E+01
 # shift:  0.56000000000000005     
 0.100000E+00  0.322483E+01
 0.200000E+00  0.323810E+01
 0.300000E+00  0.450606E+01
 0.400000E+00  0.549476E+01
 0.500000E+00  0.533261E+01
 0.600000E+00  0.499239E+01
 0.700000E+00  0.491731E+01
 0.800000E+00  0.465343E+01
 0.900000E+00  0.458682E+01
 0.100000E+01  0.428195E+01
 0.110000E+01  0.432165E+01
 0.120000E+01  0.416040E+01
 0.130000E+01  0.402299E+01
 0.140000E+01  0.395602E+01
 0.150000E+01  0.335010E+01
 0.160000E+01  0.281998E+01
 0.170000E+01  0.241234E+01
 0.180000E+01  0.240360E+01
 0.190000E+01  0.234885E+01
 0.200000E+01  0.229468E+01
 0.210000E+01  0.224707E+01
 0.220000E+01  0.233604E+01
 0.230000E+01  0.198145E+01
 0.240000E+01  0.221259E+01
 0.250000E+01  0.203120E+01
 0.260000E+01  0.200358E+01
 0.270000E+01  0.209318E+01
 0.280000E+01  0.199268E+01
 0.290000E+01  0.201910E+01
 0.300000E+01  0.198640E+01
 0.310000E+01  0.198743E+01
 0.320000E+01  0.205152E+01
 0.330000E+01  0.191521E+01
 0.340000E+01  0.191277E+01
 0.350000E+01  0.206328E+01
 0.360000E+01  0.203936E+01
 0.370000E+01  0.200777E+01
 0.380000E+01  0.193144E+01
 0.390000E+01  0.190023E+01
 0.400000E+01  0.211670E+01
 0.410000E+01  0.208165E+01
 0.420000E+01  0.197088E+01
 0.430000E+01  0.202172E+01
 0.440000E+01  0.215413E+01
 0.450000E+01  0.210009E+01
 0.460000E+01  0.212960E+01
 0.470000E+01  0.216690E+01
 0.480000E+01  0.221002E+01
 0.490000E+01  0.216412E+01
 0.500000E+01  0.227310E+01
 0.510000E+01  0.220027E+01
 0.520000E+01  0.235561E+01
 0.530000E+01  0.233122E+01
 0.540000E+01  0.237449E+01
 0.550000E+01  0.238111E+01
 0.560000E+01  0.253629E+01
 0.570000E+01  0.256416E+01
 0.580000E+01  0.261711E+01
 0.590000E+01  0.255834E+01
 0.600000E+01  0.266529E+01
 0.610000E+01  0.272023E+01
 0.620000E+01  0.278674E+01
 0.630000E+01  0.287635E+01
 0.640000E+01  0.290055E+01
 0.650000E+01  0.278635E+01
 0.660000E+01  0.287987E+01
 0.670000E+01  0.311755E+01
 0.680000E+01  0.294010E+01
 0.690000E+01  0.297986E+01
 0.700000E+01  0.312147E+01
 0.710000E+01  0.322657E+01
 0.720000E+01  0.334321E+01
 0.730000E+01  0.307585E+01
 0.740000E+01  0.333270E+01
 0.750000E+01  0.338029E+01
 0.760000E+01  0.340489E+01
 0.770000E+01  0.347174E+01
 0.780000E+01  0.356548E+01
 0.790000E+01  0.354219E+01
 0.800000E+01  0.360337E+01
 0.810000E+01  0.377394E+01
 0.820000E+01  0.370855E+01
 0.830000E+01  0.371610E+01
 0.840000E+01  0.389059E+01
 0.850000E+01  0.387710E+01
 0.860000E+01  0.383487E+01
 0.870000E+01  0.392121E+01
 0.880000E+01  0.402868E+01
 0.890000E+01  0.409398E+01
 0.900000E+01  0.407106E+01
 0.910000E+01  0.420741E+01
 0.920000E+01  0.414427E+01
 0.930000E+01  0.435552E+01
 0.940000E+01  0.451310E+01
 0.950000E+01  0.431572E+01
 0.960000E+01  0.435247E+01
 0.970000E+01  0.448905E+01
 0.980000E+01  0.456234E+01
 0.990000E+01  0.460303E+01
 0.100000E+02  0.460153E+01
 # shift:  0.59999999999999998     
 0.100000E+00  0.251734E+01
 0.200000E+00  0.246106E+01
 0.300000E+00  0.338852E+01
 0.400000E+00  0.405171E+01
 0.500000E+00  0.397600E+01
 0.600000E+00  0.382758E+01
 0.700000E+00  0.359741E+01
 0.800000E+00  0.342931E+01
 0.900000E+00  0.346051E+01
 0.100000E+01  0.321201E+01
 0.110000E+01  0.314616E+01
 0.120000E+01  0.307062E+01
 0.130000E+01  0.298405E+01
 0.140000E+01  0.286220E+01
 0.150000E+01  0.241600E+01
 0.160000E+01  0.194776E+01
 0.170000E+01  0.158728E+01
 0.180000E+01  0.167585E+01
 0.190000E+01  0.164923E+01
 0.200000E+01  0.164107E+01
 0.210000E+01  0.151476E+01
 0.220000E+01  0.154535E+01
 0.230000E+01  0.153003E+01
 0.240000E+01  0.144914E+01
 0.250000E+01  0.149803E+01
 0.260000E+01  0.148134E+01
 0.270000E+01  0.139744E+01
 0.280000E+01  0.131394E+01
 0.290000E+01  0.133750E+01
 0.300000E+01  0.139265E+01
 0.310000E+01  0.146349E+01
 0.320000E+01  0.142800E+01
 0.330000E+01  0.137699E+01
 0.340000E+01  0.147921E+01
 0.350000E+01  0.142255E+01
 0.360000E+01  0.145612E+01
 0.370000E+01  0.150339E+01
 0.380000E+01  0.143345E+01
 0.390000E+01  0.149638E+01
 0.400000E+01  0.145596E+01
 0.410000E+01  0.163378E+01
 0.420000E+01  0.154479E+01
 0.430000E+01  0.152212E+01
 0.440000E+01  0.153450E+01
 0.450000E+01  0.154498E+01
 0.460000E+01  0.164860E+01
 0.470000E+01  0.169204E+01
 0.480000E+01  0.167350E+01
 0.490000E+01  0.172278E+01
 0.500000E+01  0.177205E+01
 0.510000E+01  0.187158E+01
 0.520000E+01  0.185318E+01
 0.530000E+01  0.181553E+01
 0.540000E+01  0.189380E+01
 0.550000E+01  0.201256E+01
 0.560000E+01  0.199818E+01
 0.570000E+01  0.210917E+01
 0.580000E+01  0.216615E+01
 0.590000E+01  0.198811E+01
 0.600000E+01  0.221080E+01
 0.610000E+01  0.228900E+01
 0.620000E+01  0.228251E+01
 0.630000E+01  0.237034E+01
 0.640000E+01  0.246393E+01
 0.650000E+01  0.243637E+01
 0.660000E+01  0.258958E+01
 0.670000E+01  0.251595E+01
 0.680000E+01  0.252502E+01
 0.690000E+01  0.268399E+01
 0.700000E+01  0.258361E+01
 0.710000E+01  0.272146E+01
 0.720000E+01  0.281129E+01
 0.730000E+01  0.294529E+01
 0.740000E+01  0.299290E+01
 0.750000E+01  0.290041E+01
 0.760000E+01  0.294233E+01
 0.770000E+01  0.292670E+01
 0.780000E+01  0.322198E+01
 0.790000E+01  0.309702E+01
 0.800000E+01  0.303927E+01
 0.810000E+01  0.321178E+01
 0.820000E+01  0.316177E+01
 0.830000E+01  0.319236E+01
 0.840000E+01  0.331122E+01
 0.850000E+01  0.341860E+01
 0.860000E+01  0.338213E+01
 0.870000E+01  0.361043E+01
 0.880000E+01  0.362965E+01
 0.890000E+01  0.355298E+01
 0.900000E+01  0.364899E+01
 0.910000E+01  0.372010E+01
 0.920000E+01  0.370682E+01
 0.930000E+01  0.388159E+01
 0.940000E+01  0.384343E+01
 0.950000E+01  0.392617E+01
 0.960000E+01  0.406269E+01
 0.970000E+01  0.405531E+01
 0.980000E+01  0.407098E+01
 0.990000E+01  0.412891E+01
 0.100000E+02  0.420991E+01
 # shift:  0.64000000000000001     
 0.100000E+00  0.190505E+01
 0.200000E+00  0.179881E+01
 0.300000E+00  0.245408E+01
 0.400000E+00  0.293271E+01
 0.500000E+00  0.293450E+01
 0.600000E+00  0.278090E+01
 0.700000E+00  0.262826E+01
 0.800000E+00  0.250898E+01
 0.900000E+00  0.243337E+01
 0.100000E+01  0.224230E+01
 0.110000E+01  0.227535E+01
 0.120000E+01  0.217529E+01
 0.130000E+01  0.214110E+01
 0.140000E+01  0.205273E+01
 0.150000E+01  0.186821E+01
 0.160000E+01  0.130528E+01
 0.170000E+01  0.112508E+01
 0.180000E+01  0.115833E+01
 0.190000E+01  0.101212E+01
 0.200000E+01  0.100556E+01
 0.210000E+01  0.102522E+01
 0.220000E+01  0.103691E+01
 0.230000E+01  0.934796E+00
 0.240000E+01  0.942841E+00
 0.250000E+01  0.105439E+01
 0.260000E+01  0.957112E+00
 0.270000E+01  0.945501E+00
 0.280000E+01  0.937964E+00
 0.290000E+01  0.930523E+00
 0.300000E+01  0.970516E+00
 0.310000E+01  0.955304E+00
 0.320000E+01  0.904794E+00
 0.330000E+01  0.102341E+01
 0.340000E+01  0.106134E+01
 0.350000E+01  0.106985E+01
 0.360000E+01  0.960964E+00
 0.370000E+01  0.101073E+01
 0.380000E+01  0.107606E+01
 0.390000E+01  0.108668E+01
 0.400000E+01  0.115385E+01
 0.410000E+01  0.114890E+01
 0.420000E+01  0.108369E+01
 0.430000E+01  0.115277E+01
 0.440000E+01  0.119264E+01
 0.450000E+01  0.117621E+01
 0.460000E+01  0.129948E+01
 0.470000E+01  0.138968E+01
 0.480000E+01  0.132679E+01
 0.490000E+01  0.137629E+01
 0.500000E+01  0.139094E+01
 0.510000E+01  0.139789E+01
 0.520000E+01  0.154013E+01
 0.530000E+01  0.162432E+01
 0.540000E+01  0.157720E+01
 0.550000E+01  0.166523E+01
 0.560000E+01  0.161243E+01
 0.570000E+01  0.164260E+01
 0.580000E+01  0.174217E+01
 0.590000E+01  0.185711E+01
 0.600000E+01  0.180446E+01
 0.610000E+01  0.196557E+01
 0.620000E+01  0.196688E+01
 0.630000E+01  0.189704E+01
 0.640000E+01  0.205424E+01
 0.650000E+01  0.211524E+01
 0.660000E+01  0.221085E+01
 0.670000E+01  0.228146E+01
 0.680000E+01  0.232133E+01
 0.690000E+01  0.227668E+01
 0.700000E+01  0.217062E+01
 0.710000E+01  0.241417E+01
 0.720000E+01  0.241763E+01
 0.730000E+01  0.250945E+01
 0.740000E+01  0.244385E+01
 0.750000E+01  0.258369E+01
 0.760000E+01  0.263332E+01
 0.770000E+01  0.270408E+01
 0.780000E+01  0.270193E+01
 0.790000E+01  0.272668E+01
 0.800000E+01  0.289536E+01
 0.810000E+01  0.284533E+01
 0.820000E+01  0.289892E+01
 0.830000E+01  0.303504E+01
 0.840000E+01  0.294864E+01
 0.850000E+01  0.309056E+01
 0.860000E+01  0.316919E+01
 0.870000E+01  0.311932E+01
 0.880000E+01  0.332270E+01
 0.890000E+01  0.344938E+01
 0.900000E+01  0.321925E+01
 0.910000E+01  0.339202E+01
 0.920000E+01  0.343245E+01
 0.930000E+01  0.365326E+01
 0.940000E+01  0.367649E+01
 0.950000E+01  0.363065E+01
 0.960000E+01  0.370382E+01
 0.970000E+01  0.364267E+01
 0.980000E+01  0.368903E+01
 0.990000E+01  0.376228E+01
 0.100000E+02  0.387780E+01
 # shift:  0.68000000000000005     
 0.100000E+00  0.134681E+01
 0.200000E+00  0.126017E+01
 0.300000E+00  0.168388E+01
 0.400000E+00  0.204684E+01
 0.500000E+00  0.186413E+01
 0.600000E+00  0.181928E+01
 0.700000E+00  0.182294E+01
 0.800000E+00  0.163815E+01
 0.900000E+00  0.163327E+01
 0.100000E+01  0.156896E+01
 0.110000E+01  0.151690E+01
 0.120000E+01  0.157484E+01
 0.130000E+01  0.144356E+01
 0.140000E+01  0.144459E+01
 0.150000E+01  0.122026E+01
 0.160000E+01  0.762431E+00
 0.170000E+01  0.733838E+00
 0.180000E+01  0.689341E+00
 0.190000E+01  0.681468E+00
 0.200000E+01  0.641545E+00
 0.210000E+01  0.611924E+00
 0.220000E+01  0.638559E+00
 0.230000E+01  0.577256E+00
 0.240000E+01  0.663776E+00
 0.250000E+01  0.640593E+00
 0.260000E+01  0.625498E+00
 0.270000E+01  0.679889E+00
 0.280000E+01  0.676759E+00
 0.290000E+01  0.624300E+00
 0.300000E+01  0.639120E+00
 0.310000E+01  0.675607E+00
 0.320000E+01  0.700232E+00
 0.330000E+01  0.693404E+00
 0.340000E+01  0.682711E+00
 0.350000E+01  0.711273E+00
 0.360000E+01  0.769162E+00
 0.370000E+01  0.821095E+00
 0.380000E+01  0.810463E+00
 0.390000E+01  0.801843E+00
 0.400000E+01  0.808868E+00
 0.410000E+01  0.860702E+00
 0.420000E+01  0.885241E+00
 0.430000E+01  0.861174E+00
 0.440000E+01  0.944011E+00
 0.450000E+01  0.966586E+00
 0.460000E+01  0.103571E+01
 0.470000E+01  0.113578E+01
 0.480000E+01  0.112535E+01
 0.490000E+01  0.118272E+01
 0.500000E+01  0.112204E+01
 0.510000E+01  0.133602E+01
 0.520000E+01  0.127926E+01
 0.530000E+01  0.133268E+01
 0.540000E+01  0.132045E+01
 0.550000E+01  0.147613E+01
 0.560000E+01  0.133662E+01
 0.570000E+01  0.138233E+01
 0.580000E+01  0.143960E+01
 0.590000E+01  0.148916E+01
 0.600000E+01  0.158107E+01
 0.610000E+01  0.166525E+01
 0.620000E+01  0.174749E+01
 0.630000E+01  0.170657E+01
 0.640000E+01  0.179073E+01
 0.650000E+01  0.193448E+01
 0.660000E+01  0.189172E+01
 0.670000E+01  0.201237E+01
 0.680000E+01  0.189857E+01
 0.690000E+01  0.198081E+01
 0.700000E+01  0.203424E+01
 0.710000E+01  0.210303E+01
 0.720000E+01  0.226593E+01
 0.730000E+01  0.228097E+01
 0.740000E+01  0.231523E+01
 0.750000E+01  0.238982E+01
 0.760000E+01  0.242987E+01
 0.770000E+01  0.257358E+01
 0.780000E+01  0.249276E+01
 0.790000E+01  0.244077E+01
 0.800000E+01  0.246940E+01
 0.810000E+01  0.268800E+01
 0.820000E+01  0.277806E+01
 0.830000E+01  0.275111E+01
 0.840000E+01  0.292754E+01
 0.850000E+01  0.285459E+01
 0.860000E+01  0.284114E+01
 0.870000E+01  0.300421E+01
 0.880000E+01  0.296012E+01
 0.890000E+01  0.302540E+01
 0.900000E+01  0.304658E+01
 0.910000E+01  0.316563E+01
 0.920000E+01  0.309285E+01
 0.930000E+01  0.336737E+01
 0.940000E+01  0.342128E+01
 0.950000E+01  0.335432E+01
 0.960000E+01  0.335647E+01
 0.970000E+01  0.350833E+01
 0.980000E+01  0.363912E+01
 0.990000E+01  0.359528E+01
 0.100000E+02  0.354377E+01
 # shift:  0.71999999999999997     
 0.100000E+00  0.875546E+00
 0.200000E+00  0.826240E+00
 0.300000E+00  0.108546E+01
 0.400000E+00  0.132648E+01
 0.500000E+00  0.119064E+01
 0.600000E+00  0.117663E+01
 0.700000E+00  0.114914E+01
 0.800000E+00  0.103509E+01
 0.900000E+00  0.105578E+01
 0.100000E+01  0.101111E+01
 0.110000E+01  0.929155E+00
 0.120000E+01  0.953025E+00
 0.130000E+01  0.982040E+00
 0.140000E+01  0.965136E+00
 0.150000E+01  0.778761E+00
 0.160000E+01  0.506254E+00
 0.170000E+01  0.429762E+00
 0.180000E+01  0.414413E+00
 0.190000E+01  0.379042E+00
 0.200000E+01  0.382111E+00
 0.210000E+01  0.325022E+00
 0.220000E+01  0.396347E+00
 0.230000E+01  0.347552E+00
 0.240000E+01  0.424577E+00
 0.250000E+01  0.326265E+00
 0.260000E+01  0.424942E+00
 0.270000E+01  0.390490E+00
 0.280000E+01  0.399723E+00
 0.290000E+01  0.422786E+00
 0.300000E+01  0.402409E+00
 0.310000E+01  0.421516E+00
 0.320000E+01  0.491736E+00
 0.330000E+01  0.493043E+00
 0.340000E+01  0.521842E+00
 0.350000E+01  0.534924E+00
 0.360000E+01  0.567575E+00
 0.370000E+01  0.578677E+00
 0.380000E+01  0.578065E+00
 0.390000E+01  0.604796E+00
 0.400000E+01  0.717261E+00
 0.410000E+01  0.662078E+00
 0.420000E+01  0.710138E+00
 0.430000E+01  0.820351E+00
 0.440000E+01  0.817755E+00
 0.450000E+01  0.848189E+00
 0.460000E+01  0.876667E+00
 0.470000E+01  0.848928E+00
 0.480000E+01  0.951026E+00
 0.490000E+01  0.855581E+00
 0.500000E+01  0.101757E+01
 0.510000E+01  0.100346E+01
 0.520000E+01  0.111500E+01
 0.530000E+01  0.107966E+01
 0.540000E+01  0.111775E+01
 0.550000E+01  0.114617E+01
 0.560000E+01  0.119196E+01
 0.570000E+01  0.124738E+01
 0.580000E+01  0.123532E+01
 0.590000E+01  0.133119E+01
 0.600000E+01  0.149826E+01
 0.610000E+01  0.150739E+01
 0.620000E+01  0.159737E+01
 0.630000E+01  0.159690E+01
 0.640000E+01  0.169648E+01
 0.650000E+01  0.167681E+01
 0.660000E+01  0.175907E+01
 0.670000E+01  0.176059E+01
 0.680000E+01  0.184284E+01
 0.690000E+01  0.200771E+01
 0.700000E+01  0.188825E+01
 0.710000E+01  0.186488E+01
 0.720000E+01  0.194140E+01
 0.730000E+01  0.207745E+01
 0.740000E+01  0.212325E+01
 0.750000E+01  0.230536E+01
 0.760000E+01  0.225713E+01
 0.770000E+01  0.228762E+01
 0.780000E+01  0.227400E+01
 0.790000E+01  0.230070E+01
 0.800000E+01  0.243295E+01
 0.810000E+01  0.249614E+01
 0.820000E+01  0.254207E+01
 0.830000E+01  0.247101E+01
 0.840000E+01  0.277022E+01
 0.850000E+01  0.276826E+01
 0.860000E+01  0.271453E+01
 0.870000E+01  0.271645E+01
 0.880000E+01  0.306563E+01
 0.890000E+01  0.293140E+01
 0.900000E+01  0.310414E+01
 0.910000E+01  0.292581E+01
 0.920000E+01  0.304105E+01
 0.930000E+01  0.306230E+01
 0.940000E+01  0.327929E+01
 0.950000E+01  0.323727E+01
 0.960000E+01  0.325284E+01
 0.970000E+01  0.332792E+01
 0.980000E+01  0.330899E+01
 0.990000E+01  0.338605E+01
 0.100000E+02  0.351690E+01
 # shift:  0.76000000000000001     
 0.100000E+00  0.545306E+00
 0.200000E+00  0.480607E+00
 0.300000E+00  0.641836E+00
 0.400000E+00  0.697044E+00
 0.500000E+00  0.618169E+00
 0.600000E+00  0.640293E+00
 0.700000E+00  0.641489E+00
 0.800000E+00  0.614306E+00
 0.900000E+00  0.599527E+00
 0.100000E+01  0.592718E+00
 0.110000E+01  0.587745E+00
 0.120000E+01  0.591901E+00
 0.130000E+01  0.562671E+00
 0.140000E+01  0.489832E+00
 0.150000E+01  0.416974E+00
 0.160000E+01  0.262276E+00
 0.170000E+01  0.255424E+00
 0.180000E+01  0.214282E+00
 0.190000E+01  0.201618E+00
 0.200000E+01  0.185022E+00
 0.210000E+01  0.194612E+00
 0.220000E+01  0.252221E+00
 0.230000E+01  0.219717E+00
 0.240000E+01  0.223252E+00
 0.250000E+01  0.234751E+00
 0.260000E+01  0.210485E+00
 0.270000E+01  0.225969E+00
 0.280000E+01  0.273078E+00
 0.290000E+01  0.243003E+00
 0.300000E+01  0.260382E+00
 0.310000E+01  0.315152E+00
 0.320000E+01  0.300942E+00
 0.330000E+01  0.359470E+00
 0.340000E+01  0.372745E+00
 0.350000E+01  0.382089E+00
 0.360000E+01  0.430574E+00
 0.370000E+01  0.422278E+00
 0.380000E+01  0.490184E+00
 0.390000E+01  0.495543E+00
 0.400000E+01  0.580825E+00
 0.410000E+01  0.564714E+00
 0.420000E+01  0.536981E+00
 0.430000E+01  0.587076E+00
 0.440000E+01  0.588550E+00
 0.450000E+01  0.673504E+00
 0.460000E+01  0.758356E+00
 0.470000E+01  0.738451E+00
 0.480000E+01  0.794136E+00
 0.490000E+01  0.801382E+00
 0.500000E+01  0.924715E+00
 0.510000E+01  0.943525E+00
 0.520000E+01  0.914030E+00
 0.530000E+01  0.101013E+01
 0.540000E+01  0.106562E+01
 0.550000E+01  0.109601E+01
 0.560000E+01  0.114181E+01
 0.570000E+01  0.114712E+01
 0.580000E+01  0.123725E+01
 0.590000E+01  0.127917E+01
 0.600000E+01  0.134227E+01
 0.610000E+01  0.138611E+01
 0.620000E+01  0.154541E+01
 0.630000E+01  0.132177E+01
 0.640000E+01  0.145028E+01
 0.650000E+01  0.148836E+01
 0.660000E+01  0.161680E+01
 0.670000E+01  0.169524E+01
 0.680000E+01  0.170064E+01
 0.690000E+01  0.173873E+01
 0.700000E+01  0.179412E+01
 0.710000E+01  0.192442E+01
 0.720000E+01  0.188187E+01
 0.730000E+01  0.192577E+01
 0.740000E+01  0.213093E+01
 0.750000E+01  0.207309E+01
 0.760000E+01  0.215157E+01
 0.770000E+01  0.219550E+01
 0.780000E+01  0.220492E+01
 0.790000E+01  0.228727E+01
 0.800000E+01  0.229096E+01
 0.810000E+01  0.229660E+01
 0.820000E+01  0.249603E+01
 0.830000E+01  0.248827E+01
 0.840000E+01  0.262634E+01
 0.850000E+01  0.268961E+01
 0.860000E+01  0.250351E+01
 0.870000E+01  0.264931E+01
 0.880000E+01  0.272799E+01
 0.890000E+01  0.270502E+01
 0.900000E+01  0.271852E+01
 0.910000E+01  0.297761E+01
 0.920000E+01  0.301419E+01
 0.930000E+01  0.312945E+01
 0.940000E+01  0.319486E+01
 0.950000E+01  0.311637E+01
 0.960000E+01  0.308204E+01
 0.970000E+01  0.306307E+01
 0.980000E+01  0.336465E+01
 0.990000E+01  0.336878E+01
 0.100000E+02  0.344011E+01
 # shift:  0.80000000000000004     
 0.100000E+00  0.275004E+00
 0.200000E+00  0.240934E+00
 0.300000E+00  0.345459E+00
 0.400000E+00  0.407969E+00
 0.500000E+00  0.329530E+00
 0.600000E+00  0.337867E+00
 0.700000E+00  0.334590E+00
 0.800000E+00  0.285776E+00
 0.900000E+00  0.332826E+00
 0.100000E+01  0.329045E+00
 0.110000E+01  0.345732E+00
 0.120000E+01  0.279924E+00
 0.130000E+01  0.307678E+00
 0.140000E+01  0.255294E+00
 0.150000E+01  0.192135E+00
 0.160000E+01  0.128088E+00
 0.170000E+01  0.993317E-01
 0.180000E+01  0.667104E-01
 0.190000E+01  0.114922E+00
 0.200000E+01  0.864778E-01
 0.210000E+01  0.902839E-01
 0.220000E+01  0.900788E-01
 0.230000E+01  0.958765E-01
 0.240000E+01  0.127573E+00
 0.250000E+01  0.129312E+00
 0.260000E+01  0.139000E+00
 0.270000E+01  0.144699E+00
 0.280000E+01  0.160285E+00
 0.290000E+01  0.227198E+00
 0.300000E+01  0.191342E+00
 0.310000E+01  0.196970E+00
 0.320000E+01  0.241934E+00
 0.330000E+01  0.261254E+00
 0.340000E+01  0.335470E+00
 0.350000E+01  0.280198E+00
 0.360000E+01  0.330759E+00
 0.370000E+01  0.351898E+00
 0.380000E+01  0.414020E+00
 0.390000E+01  0.399946E+00
 0.400000E+01  0.467779E+00
 0.410000E+01  0.517979E+00
 0.420000E+01  0.533090E+00
 0.430000E+01  0.534589E+00
 0.440000E+01  0.555529E+00
 0.450000E+01  0.599749E+00
 0.460000E+01  0.665259E+00
 0.470000E+01  0.711316E+00
 0.480000E+01  0.753461E+00
 0.490000E+01  0.805253E+00
 0.500000E+01  0.737064E+00
 0.510000E+01  0.957059E+00
 0.520000E+01  0.854126E+00
 0.530000E+01  0.988887E+00
 0.540000E+01  0.988406E+00
 0.550000E+01  0.110372E+01
 0.560000E+01  0.107238E+01
 0.570000E+01  0.117219E+01
 0.580000E+01  0.123918E+01
 0.590000E+01  0.125798E+01
 0.600000E+01  0.120939E+01
 0.610000E+01  0.126482E+01
 0.620000E+01  0.136258E+01
 0.630000E+01  0.138334E+01
 0.640000E+01  0.152529E+01
 0.650000E+01  0.153066E+01
 0.660000E+01  0.152068E+01
 0.670000E+01  0.163758E+01
 0.680000E+01  0.165260E+01
 0.690000E+01  0.171376E+01
 0.700000E+01  0.171152E+01
 0.710000E+01  0.177845E+01
 0.720000E+01  0.180122E+01
 0.730000E+01  0.190081E+01
 0.740000E+01  0.204454E+01
 0.750000E+01  0.198671E+01
 0.760000E+01  0.214965E+01
 0.770000E+01  0.211682E+01
 0.780000E+01  0.212432E+01
 0.790000E+01  0.213760E+01
 0.800000E+01  0.211444E+01
 0.810000E+01  0.228892E+01
 0.820000E+01  0.233103E+01
 0.830000E+01  0.246525E+01
 0.840000E+01  0.234241E+01
 0.850000E+01  0.266275E+01
 0.860000E+01  0.254571E+01
 0.870000E+01  0.268000E+01
 0.880000E+01  0.265317E+01
 0.890000E+01  0.275682E+01
 0.900000E+01  0.268974E+01
 0.910000E+01  0.281837E+01
 0.920000E+01  0.282040E+01
 0.930000E+01  0.285891E+01
 0.940000E+01  0.287825E+01
 0.950000E+01  0.299548E+01
 0.960000E+01  0.319335E+01
 0.970000E+01  0.319166E+01
 0.980000E+01  0.312857E+01
 0.990000E+01  0.317874E+01
 0.100000E+02  0.330189E+01
